128
0 503 336 205 1000000 284 1000000 343 797 1000000 303 194 1000000 988 144 869 90 309 1000000 1000000 173 494 288 291 1000000 597 479 347 827 1000000 1000000 50 388 605 538 766 1000000 1000000 662 40 707 559 1000000 458 1000000 359 1000000 1000000 1000000 370 1000000 1000000 849 878 221 722 349 787 612 812 428 575 689 34 109 852 773 1000000 666 1000000 151 1000000 467 416 913 421 1000000 307 248 275 136 862 1000000 691 69 677 952 774 1000000 567 190 710 589 608 437 254 1000000 1000000 256 649 226 308 1000000 1000000 749 183 984 1000000 1000000 858 157 710 1000000 179 430 979 770 736 1000000 1000000 1000000 832 431 610 118 418 826 301 
653 0 497 568 509 704 592 897 648 1000000 1000000 351 871 568 1000000 381 1000000 427 929 604 177 783 1000000 636 183 1000000 911 780 55 1000000 183 99 204 112 1000000 716 729 577 169 499 210 1000000 264 1000000 280 357 954 97 601 1000000 597 1000000 1000000 1000000 530 443 927 934 860 900 926 938 126 473 752 190 895 817 1000000 409 1000000 629 398 284 1000000 853 217 1000000 735 73 831 1000000 620 101 769 740 885 137 148 798 813 1000000 1000000 1000000 907 791 428 361 772 1000000 330 1000000 309 368 643 1000000 987 351 1000000 651 1000000 406 807 916 1000000 301 341 924 963 315 1000000 574 23 188 185 649 230 399 
542 722 0 340 889 819 344 276 433 976 196 101 1000000 392 490 783 759 726 484 908 308 51 314 455 423 777 381 734 897 187 94 1000000 299 1000000 1000000 427 92 345 524 1000000 549 167 395 547 1000000 1000000 471 1000000 1000000 1000000 581 1000000 388 949 916 164 736 1000000 816 208 1000000 1000000 277 1000000 568 522 887 1000000 877 750 865 883 817 496 957 339 258 984 306 521 1000000 364 931 334 184 167 635 949 38 170 627 814 631 1000000 806 132 11 987 12 757 807 1000000 740 937 105 98 642 147 1000000 751 344 520 337 838 398 58 431 531 613 547 90 310 887 129 220 492 711 1000000 
606 474 1000000 0 819 281 317 757 1000000 1000000 301 1000000 216 1000000 270 1000000 758 703 556 578 986 323 1000000 152 534 542 710 787 945 391 571 440 1000000 1000000 6 231 124 649 726 310 607 942 1000000 492 1000000 320 1000000 652 1000000 579 141 544 1000000 349 192 682 586 978 1000000 1000000 342 1000000 1000000 279 1000000 152 213 1000000 1000000 1000000 800 1000000 62 1000000 388 1000000 800 437 1000000 955 526 1000000 375 543 1000000 326 855 1000000 1000000 935 177 1000000 418 381 1000000 1000000 637 1000000 1000000 531 211 1000000 1000000 1000000 444 1000000 138 220 114 698 215 1000000 391 544 391 681 339 1000000 970 94 437 152 682 767 961 1000000 79 285 
120 1000000 905 1000000 0 749 1000000 203 564 785 1000000 941 113 520 551 804 271 569 577 955 814 1000000 762 123 1000000 1000000 436 285 963 1000000 1000000 534 962 671 68 1000000 233 785 1000000 1000000 1000000 363 263 1000000 1000000 358 573 492 962 966 251 404 1000000 898 229 652 790 257 709 354 1000000 655 1000000 1000000 290 1000000 281 944 35 1000000 401 842 1000000 1000000 620 1000000 916 1000000 1000000 256 1000000 1000000 1000000 486 40 643 390 357 1000000 260 659 1000000 90 1000000 174 1000000 356 662 783 225 193 508 481 1000000 886 111 1000000 166 783 907 1000000 300 731 258 618 846 1000000 1000000 1000000 716 583 1000000 155 824 439 255 930 346 
291 721 1000000 1000000 828 0 1000000 1000000 1000000 10 1000000 1000000 220 22 160 4 1000000 1000000 310 622 967 1000000 1000000 498 1000000 1000000 1000000 405 1000000 42 452 246 939 507 1000000 606 1000000 593 500 519 763 531 10 1000000 1000000 174 1000000 672 1000000 1000000 872 28 424 672 254 1000000 404 1000000 731 750 71 671 1000000 1000000 560 247 1000000 1000000 36 1000000 1000000 449 1000000 247 32 407 49 404 139 552 277 64 205 1000000 983 1000000 184 1000000 388 1000000 74 204 447 535 682 737 1000000 92 13 80 1000000 92 727 1000000 301 787 347 487 1000000 1 1000000 1000000 712 1000000 617 875 382 1000000 473 58 253 1000000 938 1000000 511 135 1000000 1000000 
750 86 229 1000000 630 240 0 11 1000000 555 1000000 1000000 159 996 226 734 810 526 802 1000000 944 624 984 395 592 945 1000000 644 109 1000000 132 534 915 1000000 488 787 363 173 1000000 237 323 807 1000000 420 195 621 217 946 786 465 63 366 1000000 742 506 620 243 1000000 1000000 124 926 548 278 718 255 1000000 1000000 1000000 1000000 1000000 428 1000000 1000000 1000000 26 383 1000000 1000000 667 1000000 294 33 1000000 770 135 240 948 567 473 774 889 1000000 2 304 139 581 585 1000000 53 1000000 255 930 1000000 883 1000000 57 1000000 130 264 1000000 213 694 1000000 581 825 443 929 40 1000000 51 942 537 674 1000000 1000000 545 794 1000000 
1000000 1000000 1000000 1000000 1000000 1000000 455 0 302 115 1000000 701 1000000 308 692 357 442 1000000 1000000 528 926 334 1000000 1000000 1000000 999 68 108 594 1000000 117 224 821 255 1000000 771 1000000 276 380 136 1000000 549 780 892 576 268 305 1000000 254 93 236 841 1000000 729 568 453 60 917 253 997 884 818 14 1000000 1000000 932 352 1000000 529 112 1000000 1000000 1000000 493 983 479 1000000 1000000 272 1000000 383 649 1000000 861 81 47 436 17 1000000 777 1000000 744 179 680 439 1000000 895 862 914 974 781 1000000 730 560 557 892 427 223 514 1000000 229 1000000 338 378 262 968 504 349 841 53 305 108 864 856 236 268 861 297 
1000000 162 1000000 768 1000000 1000000 25 24 0 34 1000000 668 702 236 1000000 155 1000000 999 31 598 186 247 770 1000000 579 280 99 1000000 772 350 1000000 569 1000000 258 425 467 437 1000000 402 364 502 597 1000000 126 331 1000000 236 544 447 1000000 1000000 1000000 883 1000000 810 457 1000000 106 1000000 1000000 242 962 1000000 253 1000000 454 1000000 678 230 99 956 1000000 292 1000000 353 55 531 865 528 278 407 1000000 839 363 1000000 499 1000000 572 830 1000000 826 1000000 541 280 792 535 173 330 300 389 95 1000000 1000000 662 940 1000000 903 1000000 1000000 991 1000000 310 1000000 806 279 66 685 307 1000000 1000000 530 103 1000000 1000000 18 909 62 7 
550 1000000 1000000 869 122 882 559 38 901 0 949 229 131 820 119 334 715 1000000 1000000 1000000 14 1000000 782 685 793 153 431 18 922 1000000 570 360 1000000 1000000 1000000 21 1000000 708 265 519 863 892 725 475 1000000 1000000 208 705 739 457 1000000 472 1000000 1000000 267 912 1000000 931 590 221 109 1000000 478 728 452 417 1000000 729 1000000 1000000 101 899 509 209 975 1000000 1000000 120 1000000 274 1000000 97 900 1000000 1000000 1000000 798 978 89 83 1000000 580 1000000 747 1000000 911 532 1000000 1000000 1000000 985 113 197 1000000 1000000 854 122 195 665 1000000 63 1000000 921 323 914 1000000 801 1000000 803 18 5 764 1000000 517 1000000 333 655 1000000 
448 10 1000000 338 1000000 77 902 1000000 948 707 0 572 1000000 1000000 1000000 932 453 405 424 168 68 198 684 324 688 1000000 522 385 834 1000000 1000000 614 590 481 656 589 143 842 690 49 401 565 956 234 117 593 714 1000000 419 2 638 146 1000000 21 1000000 174 360 30 15 1000000 581 1000000 426 160 889 1000000 1000000 595 546 759 817 1000000 1000000 893 591 856 477 575 329 1000000 921 1000000 758 522 1000000 290 1000000 268 1000000 1000000 475 261 837 870 986 887 713 1000000 502 1000000 21 190 852 544 974 392 339 789 38 989 1000000 34 679 849 1000000 884 543 165 941 848 323 1000000 535 1000000 848 411 1000000 1000000 
250 520 888 1000000 1000000 507 783 271 288 1000000 1000000 0 32 1000000 467 88 1000000 564 477 551 693 417 467 972 873 1000000 874 836 1000000 611 59 1000000 1000000 468 979 597 624 651 686 1000000 729 987 1000000 585 1000000 58 1000000 1000000 1000000 934 565 122 166 376 1000000 90 396 950 418 949 1000000 282 964 572 1000000 568 730 847 943 935 1000000 131 1000000 1000000 1000000 1000000 603 890 222 271 1000000 533 1000000 169 1000000 1000000 1000000 3 16 214 1000000 250 852 404 810 1000000 1000000 117 1000000 411 1000000 1000000 1000000 276 74 896 1000000 1000000 499 922 795 1000000 570 1000000 492 1000000 1000000 18 1000000 780 84 228 1000000 254 1000000 670 962 1000000 
1000000 1000000 160 231 1000000 777 41 128 573 954 265 947 0 144 1000000 284 1000000 616 903 496 1000000 689 291 902 987 847 219 517 378 858 1000000 1000000 839 1000000 375 103 597 1000000 1000000 1000000 308 1000000 1000000 86 657 242 908 185 1000000 1000000 1000000 1000000 1000000 682 1000000 958 816 950 768 65 1000000 487 551 50 696 958 676 539 631 292 1000000 1000000 1000000 800 264 1000000 60 928 459 386 1000000 479 196 993 216 189 1000000 1000000 1000000 386 837 254 965 1000000 1000000 853 1000000 726 906 11 672 571 282 1000000 1000000 560 1000000 776 336 519 1000000 221 507 702 1000000 825 1000000 1000000 1000000 575 1000000 681 949 495 1000000 672 1000000 593 
306 105 857 849 1000000 779 266 914 39 1000000 1000000 424 551 0 1000000 191 250 1000000 390 1000000 767 829 749 510 883 226 123 681 930 1000000 1000000 182 228 918 279 1000000 1000000 1000000 879 637 945 124 895 1000000 59 869 59 418 1000000 1000000 1000000 687 1000000 78 668 1000000 977 1000000 1000000 1000000 17 639 1000000 1000000 912 5 738 1000000 876 133 1000000 124 269 1000000 584 1000000 33 770 126 1000000 1000000 1000000 164 1000000 815 520 427 70 1000000 555 553 629 350 697 712 675 593 448 741 575 258 112 159 930 1000000 436 823 652 1000000 115 1000000 12 343 1000000 1000000 1000000 1000000 198 387 966 395 1000000 269 922 1000000 387 336 965 
40 349 75 497 1000000 431 542 537 883 524 191 604 553 415 0 818 413 206 1000000 936 1000000 1000000 250 799 353 718 1000000 1000000 756 526 570 422 610 800 431 782 628 903 44 1000000 168 889 62 1000000 892 1000000 1000000 1000000 974 1000000 1000000 329 504 1000000 1000000 1000000 428 137 128 574 1000000 1000000 1000000 907 676 1000000 894 287 1000000 916 298 1000000 196 70 1000000 1000000 19 292 372 1000000 884 987 540 58 1000000 1000000 1000000 23 601 646 1000000 1000000 549 1000000 164 372 293 1000000 90 906 632 474 1000000 1000000 39 1000000 1000000 165 1000000 738 320 1000000 413 894 519 335 1000000 191 655 90 476 1000000 171 1000000 856 261 710 869 
436 648 464 155 311 533 346 305 140 949 964 909 1000000 1000000 127 0 714 570 818 561 1000000 1000000 988 196 1000000 548 1000000 352 1000000 1000000 621 874 891 847 356 690 411 1000000 447 491 604 1000000 1000000 291 936 771 611 1000000 343 510 178 1000000 829 735 843 679 1000000 87 21 885 414 1000000 1000000 577 1000000 1000000 765 1000000 700 194 1000000 912 979 748 875 910 1000000 1000000 69 1000000 391 985 607 1000000 768 910 663 1000000 1000000 1000000 493 1000000 1000000 604 660 1000000 301 600 691 1000000 490 744 517 1000000 642 401 1000000 371 2 495 840 960 352 506 193 1000000 586 9 211 84 1000000 326 846 974 1000000 412 1000000 947 
316 642 275 1000000 178 1000000 642 6 743 276 912 215 1000000 82 312 450 0 1000000 239 1000000 872 355 198 1000000 437 1000000 1000000 405 1000000 558 9 1000000 1000000 300 1000000 1000000 219 54 1000000 895 783 566 1000000 916 1000000 109 262 62 233 214 225 208 1000000 586 778 524 744 739 399 492 775 729 1000000 6 129 1000000 839 116 756 1000000 882 481 72 768 857 243 530 2 632 1000000 1000000 877 908 776 118 217 81 456 1000000 361 1000000 413 812 866 1000000 516 1000000 1000000 1000000 50 1000000 291 1000000 65 1000000 733 126 543 783 232 1000000 1000000 948 358 430 990 176 1000000 807 332 122 1000000 317 253 1000000 1000000 452 1000000 
2 184 425 212 434 1000000 1000000 691 9 891 1000000 1000000 65 846 1000000 1000000 750 0 594 1000000 1000000 747 581 1000000 147 1000000 1000000 913 459 682 427 1000000 1000000 436 938 896 839 91 619 207 1000000 689 730 966 658 1000000 1000000 591 387 1000000 288 808 1000000 1000000 93 1000000 613 612 1000000 387 1000000 267 522 556 85 373 862 1000000 833 619 1000000 1000000 927 863 780 44 1000000 847 374 676 921 572 1000000 1000000 649 91 1000000 265 878 1000000 1000000 312 827 780 1000000 31 594 1000000 725 932 1000000 1000000 1000000 100 720 604 94 1000000 237 630 923 927 1000000 1000000 37 473 26 887 576 449 664 1000000 933 955 578 1000000 570 332 
437 1000000 705 73 502 1000000 430 277 1000000 1000000 788 942 1000000 859 415 317 899 447 0 598 113 1000000 838 141 1000000 726 5 738 1000000 707 1000000 809 984 1000000 1000000 1000000 1000000 1000000 687 1000000 603 724 1000000 542 440 926 827 832 1000000 559 1000000 404 371 965 188 395 1000000 1000000 310 1000000 540 709 802 905 108 1000000 56 729 473 1000000 883 1000000 934 627 492 1000000 614 1000000 1000000 1000000 717 860 1000000 963 795 120 283 990 1000000 48 239 1000000 711 1000000 600 1000000 177 32 1000000 809 675 1000000 1000000 1000000 954 620 567 146 165 652 311 253 343 646 1000000 237 689 793 492 1000000 1000000 475 56 1000000 660 728 1000000 1000000 
960 101 368 465 1000000 326 99 858 1000000 995 921 1000000 1000000 454 665 352 1000000 628 174 0 1000000 706 1000000 1000000 1000000 1000000 794 1000000 1000000 394 1000000 689 280 902 896 1000000 418 559 120 1000000 378 788 718 897 783 465 823 1000000 276 260 539 563 645 1000000 869 900 1000000 1000000 608 966 859 586 603 207 14 9 1000000 993 449 377 1000000 1000000 301 97 231 1000000 598 730 936 221 96 475 1000000 1000000 940 447 838 331 969 1000000 1000000 254 258 636 345 93 322 1000000 441 223 1000000 89 1000000 875 649 7 603 246 1000000 650 1000000 1000000 926 1000000 57 47 1000000 1000000 632 157 596 92 1000000 854 664 1000000 835 1000000 
716 1000000 776 1000000 786 88 588 99 516 9 1000000 1000000 840 950 1000000 302 1000000 87 1000000 428 0 54 231 27 241 329 1000000 708 379 416 1000000 1000000 1000000 516 153 20 1 340 118 756 66 757 98 670 853 781 690 398 1000000 84 630 1000000 1000000 70 549 1000000 910 308 339 199 609 252 313 1000000 774 245 520 1000000 811 500 255 933 718 965 260 360 765 829 109 886 573 834 1000000 942 1000000 1000000 58 862 1000000 1000000 42 733 1000000 991 244 343 480 971 485 1000000 393 282 176 336 1000000 345 881 1000000 256 1000000 1000000 105 860 934 803 303 873 235 668 175 808 662 496 1000000 811 1000000 81 1000000 
560 987 212 198 1000000 407 748 1000000 408 785 828 679 290 1000000 804 1000000 386 1000000 1000000 641 473 0 14 341 598 157 1000000 560 1000000 70 579 992 298 399 119 1000000 1000000 172 1000000 1000000 367 80 787 793 1000000 790 1000000 668 1000000 872 1000000 1000000 896 327 512 46 147 607 1000000 1000000 1000000 1000000 359 1000000 629 60 309 964 636 101 981 1000000 818 1000000 421 138 255 224 1000000 380 572 1000000 1000000 1000000 1000000 266 1000000 163 885 36 659 947 402 1000000 139 806 821 561 132 33 767 1000000 870 1000000 949 24 924 1000000 1000000 949 462 282 330 1000000 1000000 408 255 162 183 141 1000000 885 1000000 963 725 591 1000000 1000000 
434 517 253 696 1000000 1000000 2 937 890 16 840 43 1000000 617 326 660 456 1000000 1000000 782 494 1000000 0 351 699 834 428 1000000 1000000 1000000 1000000 1000000 1000000 824 1000000 335 543 64 193 697 513 97 108 705 764 416 983 1000000 999 267 1000000 1000000 625 689 1000000 1000000 864 1000000 1000000 1000000 284 1000000 357 1000000 669 1000000 56 1000000 512 911 1000000 503 959 326 673 1000000 1000000 242 1000000 545 267 1000000 288 376 590 1000000 497 1000000 785 536 2 1000000 655 524 1000000 1000000 1000000 330 103 1000000 1000000 441 452 1000000 506 851 1000000 97 1000000 308 362 895 1000000 481 631 393 630 293 195 1000000 390 51 865 1000000 867 455 1000000 1000000 
91 570 183 1000000 545 675 30 943 1000000 990 218 1000000 527 22 1000000 292 161 1000000 1000000 854 431 844 120 0 656 446 616 1000000 3 1000000 628 1000000 536 1000000 24 784 669 577 1000000 1000000 1000000 660 1000000 566 765 1000000 546 351 17 584 438 408 488 1000000 29 403 854 33 1000000 1000000 855 213 933 73 1000000 145 1000000 1000000 1000000 878 102 843 1000000 1000000 591 484 250 202 518 375 247 1000000 207 159 1000000 889 1000000 328 287 15 576 1000000 1000000 1000000 77 717 1000000 1000000 537 1000000 979 1000000 852 1000000 1000000 633 826 207 281 1000000 265 66 1000000 334 34 791 367 16 638 468 1000000 275 1000000 1000000 934 1000000 114 1 
1000000 1000000 1000000 231 201 938 344 231 1000000 1000000 652 437 61 141 1000000 1000000 373 562 1000000 996 1000000 727 78 397 0 752 1000000 754 665 819 11 875 1000000 429 375 317 457 693 1000000 274 1000000 640 1000000 219 17 1000000 272 546 350 1000000 3 364 1000000 484 1000000 1000000 121 450 350 1000000 763 867 658 255 312 885 946 1000000 276 636 988 771 617 1000000 439 454 1000000 718 1000000 335 645 759 1000000 1000000 1000000 9 1000000 1000000 55 520 869 857 688 1000000 65 935 215 138 279 592 1000000 1000000 809 210 400 1000000 181 415 1000000 113 1000000 505 1000000 488 86 477 1000000 413 675 382 1000000 307 1000000 623 249 107 1000000 737 
1000000 953 1000000 563 662 6 704 1000000 691 86 1000000 1000000 1000000 28 845 845 1000000 301 35 477 308 1000000 1000000 1000000 152 0 337 35 175 143 344 915 1000000 1000000 757 622 986 1000000 1000000 134 153 722 278 1000000 213 826 479 1000000 668 811 532 257 777 1000000 585 1000000 1000000 1000000 1000000 120 711 296 681 981 726 1000000 681 687 1000000 718 394 577 1000000 840 347 205 968 238 491 54 19 1000000 718 361 1000000 1000000 758 52 892 178 343 107 180 37 46 765 1000000 1000000 821 918 215 117 184 747 801 457 1000000 752 200 309 772 777 1000000 1000000 1000000 330 1000000 219 1000000 621 1000000 189 94 520 106 678 605 1000000 
421 610 558 1000000 733 610 819 1000000 1000000 128 766 696 677 989 677 595 324 286 1000000 951 921 346 214 775 1000000 275 0 740 620 272 1000000 322 606 950 345 478 73 230 754 1000000 319 828 600 1000000 561 786 614 1000000 393 640 753 1000000 1000000 1000000 47 223 521 1000000 99 451 459 624 75 622 561 481 439 209 845 1000000 1 960 1000000 1000000 1000000 422 610 595 1000000 111 484 835 808 517 1000000 178 946 821 343 752 1000000 259 744 3 1000000 833 304 937 862 1000000 1000000 681 871 147 1000000 473 53 298 138 776 287 634 539 1000000 214 1000000 213 1000000 790 101 736 1000000 1000000 552 275 837 34 726 
1000000 989 205 155 1000000 25 148 205 396 590 445 1000000 1000000 454 256 1000000 7 488 397 394 1000000 852 1000000 303 1000000 572 828 0 402 1000000 376 201 960 1000000 1000000 341 1000000 973 700 387 590 1000000 1000000 648 106 860 566 42 1000000 239 1000000 776 1000000 720 513 620 800 1000000 395 456 1000000 347 263 907 1000000 1000000 582 855 987 657 461 276 1000000 38 1000000 1000000 1000000 924 1000000 1000000 125 1000000 1000000 238 1000000 635 416 548 446 246 63 1000000 452 507 974 117 1000000 983 1000000 179 770 812 62 498 781 55 1000000 476 575 298 388 1000000 821 337 305 264 1000000 701 125 870 614 167 624 306 369 129 690 726 
662 296 903 277 224 566 68 707 1000000 1000000 1000000 281 1000000 715 785 821 828 702 498 1000000 1000000 302 1000000 723 432 852 516 578 0 784 566 47 1000000 1000000 1000000 1000000 1000000 1000000 409 1000000 362 383 1000000 161 830 552 22 1000000 397 199 449 259 658 345 540 304 552 1000000 316 1000000 691 1000000 344 1000000 518 591 1000000 1000000 898 442 390 64 955 882 966 137 208 962 600 1000000 866 385 271 1000000 307 469 458 491 85 1000000 1000000 1000000 126 1000000 71 1000000 846 957 852 634 936 1000000 1000000 160 886 814 459 437 1000000 415 485 1000000 704 569 223 28 648 379 742 1000000 800 641 1000000 229 692 657 849 26 
580 859 144 319 27 730 783 793 241 277 754 1000000 100 254 973 789 169 86 1000000 435 560 306 403 877 1000000 482 1000000 225 294 0 193 940 1000000 312 909 719 799 169 1000000 421 1000000 1000000 1000000 694 1000000 1000000 257 1000000 534 935 22 973 939 1000000 1000000 172 83 1000000 737 825 730 862 131 1000000 1000000 606 30 1000000 1000000 1000000 1000000 882 1000000 1000000 140 1000000 181 1000000 339 298 937 241 1000000 905 731 843 575 113 380 980 256 500 705 394 1000000 1000000 635 392 492 447 705 130 159 1000000 679 773 644 861 515 533 666 1000000 1000000 216 1000000 213 702 1000000 980 553 918 1000000 134 927 312 650 1000000 1000000 
1000000 302 537 441 620 130 319 205 1000000 816 518 308 1000000 721 1000000 1000000 455 1000000 39 820 419 738 305 1000000 1000000 1000000 1000000 931 808 849 0 1000000 995 1000000 562 347 900 351 419 34 1000000 1000000 1000000 262 1000000 1000000 528 732 1000000 132 521 1000000 1000000 792 327 825 1000000 721 553 1000000 90 1000000 296 777 481 767 276 435 120 831 289 1000000 487 764 877 217 1000000 1000000 865 769 1000000 911 237 673 474 272 1000000 100 1000000 469 608 428 245 800 662 452 1000000 1000000 355 302 226 85 468 169 163 1000000 774 458 1000000 726 938 1000000 1000000 1000000 1000000 51 166 273 1000000 485 1000000 1000000 850 872 726 1000000 1000000 1000000 
1000000 147 1000000 873 562 89 789 307 334 257 1000000 875 386 619 35 265 866 1000000 1000000 1000000 582 297 395 20 975 966 1000000 529 1000000 367 714 0 1000000 1000000 818 1000000 1000000 939 1000000 1000000 385 1000000 189 1000000 786 246 1000000 548 1000000 855 48 1000000 1000000 462 774 1000000 528 244 1000000 1000000 365 910 381 150 707 163 880 458 691 1000000 157 1000000 631 427 787 555 1000000 303 352 970 1000000 243 427 366 1000000 439 1000000 735 425 90 799 130 737 1000000 1000000 939 24 666 151 255 428 739 434 398 217 44 934 649 47 9 1000000 48 110 1000000 902 332 82 616 826 795 1000000 8 583 1000000 609 500 1 393 
933 541 825 678 376 420 1000000 718 703 282 1000000 416 343 194 529 843 279 752 939 595 36 958 743 549 58 40 1000000 316 1000000 795 95 578 0 1000000 1000000 1000000 1000000 611 333 1000000 553 352 1000000 128 480 277 177 1000000 845 324 572 284 762 395 356 355 1000000 749 246 803 356 1000000 549 448 337 134 1000000 164 374 1000000 496 1000000 742 1000000 1000000 920 31 986 1000000 419 120 1000000 623 233 1000000 172 123 389 10 570 595 32 683 66 1000000 1000000 1000000 1000000 1000000 43 25 1000000 604 1000000 825 1000000 1000000 565 257 434 1000000 187 1000000 776 301 1000000 1000000 193 348 1000000 495 161 169 674 874 318 489 624 
306 320 345 580 1000000 964 881 612 523 314 1000000 1000000 479 548 211 135 1000000 1000000 67 901 88 628 1000000 1000000 344 975 1000000 1000000 991 312 533 924 470 0 932 998 1000000 839 270 285 898 550 1000000 747 1000000 292 104 1000000 740 798 675 855 1000000 1000000 189 953 993 1000000 1000000 549 56 550 1000000 1000000 23 1000000 1000000 1000000 510 1000000 1000000 365 274 1000000 1000000 452 1000000 1000000 246 1000000 658 285 1000000 564 387 599 1000000 253 113 979 986 1000000 850 154 1000000 1000000 1000000 262 1000000 387 113 746 851 793 60 550 665 269 590 829 787 1000000 799 1000000 1000000 363 542 951 323 561 1000000 162 389 688 232 1000000 22 639 
74 545 1000000 1000000 895 68 907 842 777 671 236 1000000 505 163 1000000 758 390 1000000 706 1000000 79 867 447 1000000 458 508 781 1000000 523 1000000 1000000 500 1000000 668 0 339 552 430 600 286 1000000 1000000 507 360 1000000 425 173 88 1000000 44 163 1000000 557 411 15 680 1000000 226 814 516 143 617 1000000 844 424 1000000 1000000 727 367 1000000 1000000 532 974 1000000 654 745 370 32 1000000 622 126 1000000 1000000 1000000 1000000 365 861 83 675 387 931 1000000 1000000 1000000 391 949 791 1000000 269 1000000 100 1000000 1000000 179 959 1000000 966 330 194 1000000 1000000 260 1000000 400 478 237 744 344 84 775 891 1000000 629 422 1000000 724 24 1000000 
1000000 1000000 357 280 145 1000000 346 574 867 740 322 807 12 1000000 81 635 319 144 930 615 458 934 1000000 1000000 1000000 1000000 1000000 859 1000000 1000000 1000000 411 443 1000000 1000000 0 498 278 1000000 119 564 667 1000000 751 874 555 520 833 602 37 32 1000000 169 454 933 175 1000000 1000000 1000000 489 431 784 732 840 231 1000000 1000000 1000000 733 775 1000000 1000000 1000000 851 1000000 1000000 1000000 314 890 635 649 326 958 1000000 1000000 770 958 792 785 62 50 652 648 144 403 909 903 556 450 784 3 366 1000000 973 658 126 1000000 473 581 698 390 988 409 880 1000000 367 59 1000000 225 1000000 1000000 834 1000000 1000000 270 1000000 767 421 
813 1000000 1000000 1000000 74 586 567 1000000 1000000 1000000 61 462 88 1000000 170 1000000 464 896 1000000 695 1000000 254 1000000 513 339 1000000 1000000 91 351 1000000 1000000 220 483 1000000 226 1000000 0 1000000 71 612 1000000 219 526 1000000 818 8 346 1000000 110 188 349 671 938 975 455 420 295 1000000 497 344 1000000 954 1000000 1000000 134 810 1000000 1000000 1000000 1000000 818 548 761 1000000 828 542 348 225 502 608 467 194 1000000 625 621 1000000 661 506 28 948 1000000 1000000 110 314 1000000 1000000 622 26 276 744 550 231 1000000 286 1000000 576 222 480 1000000 1000000 747 1000000 941 1000000 66 311 376 1000000 77 932 476 695 963 29 876 1000000 181 77 
22 13 631 624 733 123 1000000 91 67 93 1000000 616 1000000 1000000 1000000 807 100 1000000 167 156 778 923 195 955 82 282 405 543 73 230 1000000 133 663 126 477 601 1000000 0 625 977 269 1000000 448 1000000 731 680 2 1000000 1000000 623 378 164 223 1000000 145 354 1000000 783 872 804 214 483 144 487 406 729 175 1000000 988 232 2 910 326 938 440 605 1000000 582 649 863 1000000 367 964 608 1000000 848 589 941 591 31 583 853 761 1000000 1000000 1000000 1000000 773 1000000 155 508 69 1000000 937 539 937 1000000 1000000 1000000 911 945 727 788 681 1000000 1000000 1000000 546 487 1000000 244 1000000 1000000 398 560 898 507 83 
1000000 712 488 875 622 791 247 222 1000000 1000000 1000000 599 543 751 1000000 376 861 395 699 789 866 1000000 962 56 24 249 1000000 348 109 1000000 94 849 279 1000000 789 895 1000000 402 0 272 890 465 249 1000000 316 1000000 1000000 1000000 665 1000000 102 407 395 981 494 1000000 96 824 49 173 740 692 709 761 1000000 1000000 1000000 349 722 1000000 1000000 700 753 1000000 153 1000000 373 31 717 477 561 1000000 245 735 449 79 843 1000000 685 936 231 905 462 726 155 584 1000000 1000000 783 793 1000000 548 716 1000000 1000000 688 461 547 427 307 481 232 643 427 368 757 1000000 133 1000000 960 892 451 484 206 974 563 124 1000000 
1000000 1000000 690 442 826 1000000 171 134 248 1000000 142 1000000 61 559 577 171 715 690 119 1000000 157 524 1000000 451 832 260 1000000 1000000 525 457 1000000 214 1000000 32 656 1000000 166 404 62 0 526 270 261 427 1000000 495 467 1000000 1000000 673 241 1000000 612 681 632 961 273 1000000 734 1000000 379 161 1000000 921 252 1000000 170 1000000 1000000 5 1000000 418 737 213 771 359 393 82 336 139 377 295 1000000 906 1000000 394 969 166 663 1000000 440 951 313 269 1000000 461 1000000 1000000 90 528 494 975 833 1000000 632 1000000 858 326 1000000 387 1000000 1000000 500 207 357 426 1000000 574 1000000 1000000 951 762 670 1000000 1000000 758 209 1000000 
592 736 1000000 663 1000000 480 354 782 347 1000000 350 1000000 1000000 515 1000000 1000000 1000000 696 665 17 458 202 801 415 626 606 1000000 536 332 934 404 979 1000000 1000000 691 785 687 300 311 629 0 1000000 605 888 650 902 737 225 1000000 149 1000000 1000000 39 1000000 199 459 834 527 561 160 1000000 938 1000000 784 612 249 98 1000000 781 557 426 235 208 746 186 1000000 1000000 704 77 949 1000000 310 120 1000000 662 625 407 886 1000000 663 825 1000000 1000000 1000000 1000000 856 982 399 1000000 762 844 71 1000000 970 578 1000000 592 129 13 1000000 1000000 125 735 971 25 1000000 618 182 96 947 1000000 770 1000000 1000000 685 552 485 949 
452 705 713 978 734 798 1000000 589 505 501 1000000 701 62 174 1000000 1000000 899 246 578 366 364 829 389 971 828 1 1000000 214 127 1000000 59 195 767 460 377 694 609 233 482 5 11 0 953 589 610 259 631 959 472 240 923 339 692 224 461 102 322 1000000 1000000 431 208 735 116 628 466 363 1000000 320 894 1000000 724 1000000 944 803 462 1000000 508 1000000 306 975 819 503 384 66 1000000 1000000 180 851 104 83 907 945 322 79 361 1000000 1000000 585 615 296 1000000 1000000 1000000 987 546 926 40 1000000 535 412 412 1000000 911 1000000 982 543 386 1000000 137 801 620 384 1000000 1000000 1000000 482 136 1000000 
854 1000000 888 972 1000000 312 898 142 1000000 1000000 745 120 979 103 44 1000000 441 375 777 803 1000000 709 83 804 1000000 416 137 882 1000000 741 850 329 1000000 566 836 599 209 1000000 318 681 382 547 0 1000000 1000000 1000000 938 641 137 712 346 52 570 373 129 285 102 1000000 155 829 1000000 898 120 90 1000000 1000000 265 554 1000000 1000000 943 637 1000000 445 223 113 1000000 427 383 216 788 1000000 433 979 331 297 382 1000000 841 552 903 876 55 586 886 1000000 140 1000000 30 930 501 1000000 788 1000000 1000000 101 411 1000000 1000000 429 494 587 1000000 836 1000000 1000000 1000000 360 450 648 1000000 503 637 688 785 1000000 736 987 
144 531 983 586 139 1000000 368 1000000 75 279 1000000 599 978 644 784 703 359 32 6 474 392 1000000 472 846 97 1000000 521 706 1000000 138 1000000 662 1000000 878 87 240 278 533 422 215 493 16 1000000 0 457 1000000 1000000 47 1000000 432 1000000 1000000 1000000 704 335 893 429 30 634 298 930 646 613 634 646 342 1000000 151 904 317 1000000 971 79 1000000 1000000 1000000 502 545 121 1000000 200 1000000 332 393 404 979 1000000 1000000 509 1000000 1000000 257 1000000 14 657 324 1000000 787 736 916 109 1000000 273 634 297 587 608 205 1000000 1000000 282 1000000 347 895 238 579 424 1000000 428 258 316 1000000 341 889 1000000 1000000 397 1000000 
276 1000000 1000000 783 1000000 554 250 987 163 1000000 694 346 216 1000000 1000000 1000000 141 654 613 983 270 486 205 346 1000000 1000000 196 318 70 1000000 1000000 100 253 134 539 741 19 482 117 112 165 629 1000000 1000000 0 643 653 1000000 1000000 315 964 733 810 232 361 333 500 818 885 790 272 1000000 1000000 1000000 1000000 1000000 1000000 1000000 1000000 45 269 613 48 727 328 602 68 727 986 126 381 1000000 1000000 786 900 1000000 655 174 655 732 739 744 1000000 796 86 825 616 486 1000000 824 642 60 828 558 450 821 638 401 245 820 770 1000000 472 652 905 354 316 607 118 594 138 506 254 913 890 1000000 1000000 889 
77 755 20 1000000 1000000 66 479 1000000 740 321 886 690 1000000 1000000 120 1000000 363 1000000 260 852 699 84 776 909 1000000 690 1000000 1000000 63 1000000 999 776 486 570 1000000 131 1000000 392 1000000 627 442 157 625 183 998 0 1000000 1000000 628 1000000 1000000 1000000 150 243 1000000 1000000 1000000 947 5 82 538 255 149 726 369 1000000 84 361 506 773 819 1000000 288 645 833 1000000 933 847 1000000 1000000 1000000 963 139 254 623 719 304 552 477 1000000 484 597 573 900 100 20 211 865 464 30 212 751 913 398 1000000 155 656 205 836 1000000 306 793 1000000 931 381 350 103 495 1000000 1000000 765 258 243 371 678 794 100 604 
604 1000000 578 836 1000000 834 366 1000000 921 986 636 876 848 1000000 610 362 125 999 521 605 232 456 1000000 557 253 108 566 1000000 1000000 1000000 42 1000000 685 1000000 565 29 1000000 303 953 914 801 171 1000000 1000000 619 147 0 483 1000000 944 1000000 681 1000000 921 386 1000000 1000000 514 1000000 1000000 188 836 1000000 776 952 926 736 1000000 1000000 1000000 331 662 683 112 1000000 158 14 86 532 811 248 1000000 786 793 1000000 405 1000000 1000000 438 492 71 1000000 297 653 1000000 463 716 179 77 494 426 709 833 1000000 231 376 970 1000000 13 835 968 350 745 416 980 504 772 1000000 427 1000000 1000000 839 708 523 321 923 1000000 179 
723 362 1000000 1000000 559 1000000 1000000 941 856 1000000 300 1000000 68 557 1000000 648 112 551 245 795 1000000 243 198 899 817 1000000 233 208 923 1000000 1000000 359 1000000 286 380 168 195 717 399 913 735 608 1000000 850 483 345 375 0 1000000 193 531 735 1000000 417 787 279 943 916 215 795 227 719 1000000 1000000 1000000 434 1000000 814 856 98 33 859 524 477 1000000 231 588 196 768 1000000 339 777 1000000 619 92 1000000 358 1000000 408 479 560 55 1000000 1000000 483 1000000 843 1000000 1000000 928 430 428 359 305 402 1000000 1000000 622 362 1000000 344 1000000 709 578 652 551 295 836 1000000 58 45 317 878 1000000 575 172 930 354 
1000000 1000000 854 475 557 793 319 11 568 1000000 740 288 1000000 295 120 877 680 330 1000000 1000000 282 787 1000000 1000000 709 477 1000000 278 449 1000000 517 1000000 1000000 755 751 871 203 1000000 1000000 312 451 189 441 429 428 716 183 985 0 155 826 923 506 482 894 806 141 868 697 777 424 1000000 959 526 643 136 1000000 1000000 1000000 937 412 1000000 85 1000000 639 849 738 906 455 516 1000000 542 117 1000000 677 641 1000000 148 619 712 1000000 1000000 167 239 491 1000000 1000000 1000000 1000000 1000000 601 1000000 234 423 870 1000000 238 925 728 713 157 98 372 1000000 468 28 705 633 15 56 772 898 359 119 724 954 145 1000000 
796 84 988 521 607 955 1000000 211 1000000 723 459 214 157 246 537 1000000 815 799 396 864 572 234 1000000 369 265 974 253 498 1000000 397 282 1000000 619 76 461 1000000 706 847 589 666 444 1000000 1000000 1000000 614 291 642 625 1000000 0 695 95 1000000 548 108 1000000 447 964 602 139 391 778 370 919 1000000 480 29 23 13 189 328 798 31 836 1000000 9 719 427 885 1000000 1000000 1000000 1000000 1000000 458 1000000 1000000 1000000 1000000 336 1000000 1000000 72 236 879 757 1000000 1000000 1000000 1000000 1000000 690 928 926 1000000 17 1000000 1000000 474 820 1000000 506 647 119 535 100 942 69 1000000 1000000 552 215 175 1000000 781 271 673 332 
1000000 809 730 1000000 187 356 589 206 58 28 1000000 1000000 1000000 496 1000000 873 261 1000000 898 1000000 661 800 676 1000000 1000000 488 899 271 567 1000000 1000000 386 982 1000000 1000000 1000000 583 484 1000000 127 1000000 107 312 1000000 57 72 891 482 466 1000000 0 542 484 263 735 668 566 348 244 869 1000000 46 1000000 1000000 1000000 351 418 306 1000000 597 665 194 54 642 1000000 578 927 204 1000000 1000000 525 425 264 1000000 737 1000000 1000000 1000000 511 819 61 777 1000000 220 513 522 1000000 98 454 383 1000000 297 877 219 865 513 1000000 623 936 360 547 587 131 358 1000000 354 1000000 1000000 1000000 1000000 1000000 459 555 183 165 580 560 212 
616 286 1000000 457 767 203 1000000 229 604 1000000 883 209 862 691 1000000 1000000 482 878 901 1000000 431 202 127 250 849 1000000 446 1000000 1000000 1000000 936 1000000 52 240 205 328 103 42 1000000 36 374 641 248 648 541 459 706 1000000 119 959 834 0 505 1000000 981 679 982 961 1000000 658 550 659 1000000 175 683 17 104 1000000 576 782 1000000 293 593 1000000 819 1000000 655 896 457 79 124 285 1000000 66 455 27 110 778 853 806 400 499 1000000 705 210 1000000 697 276 1000000 649 983 1000000 605 981 151 527 378 924 1000000 1000000 1000000 489 458 704 444 826 1000000 530 687 541 1000000 999 609 575 107 390 1000000 710 
146 246 529 1000000 164 167 635 1000000 964 624 558 699 1000000 233 865 84 1000000 399 654 1000000 609 1000000 644 744 1000000 295 1000000 21 92 377 1000000 743 1000000 1000000 974 138 1000000 700 1000000 209 586 593 490 301 688 266 313 151 23 673 367 429 0 1000000 817 575 126 1000000 1000000 357 672 1000000 924 664 177 437 820 1000000 1000000 874 156 49 104 523 431 914 269 72 1000000 1000000 757 237 489 718 449 992 281 207 940 263 1000000 1000000 498 615 510 649 400 269 437 1000000 374 708 1000000 283 7 285 198 634 943 661 840 86 1000000 1000000 1000000 869 1000000 256 636 411 667 1000000 98 1000000 1000000 980 403 587 
646 416 1000000 513 989 78 860 1000000 332 1000000 526 1000000 950 33 410 169 116 1000000 326 548 473 1000000 1000000 142 484 885 1000000 479 818 384 336 1000000 1000000 1000000 1000000 1000000 221 1000000 328 435 442 221 1000000 1000000 112 645 1000000 1000000 522 936 763 164 541 0 921 1000000 309 1000000 801 1000000 1000000 669 457 122 349 754 1000000 1000000 329 1000000 36 487 152 51 920 756 720 431 766 170 56 1000000 522 571 9 993 427 878 1000000 761 445 308 240 223 1000000 1000000 1000000 14 63 854 688 1000000 122 1000000 19 1000000 1000000 1000000 1000000 328 813 109 106 123 652 705 271 686 1000000 844 578 668 471 462 1000000 53 1000000 188 
96 530 181 920 352 486 484 871 313 233 198 1000000 197 1000000 85 510 546 1000000 1000000 285 483 1000000 464 715 188 629 251 1000000 914 775 583 640 1000000 532 73 1000000 774 80 693 533 1000000 665 614 609 1000000 1000000 827 1000000 579 270 600 178 208 1000000 0 1000000 812 200 1000000 1000000 1000000 1000000 1000000 1000000 1000000 808 1000000 427 802 157 1000000 622 1000000 1000000 279 1000000 359 1000000 1000000 1000000 646 1000000 124 145 1000000 68 122 60 1000000 1000000 1000000 435 1000000 314 1000000 676 167 684 22 840 690 296 794 1000000 227 579 1000000 921 281 1000000 1000000 381 996 14 1000000 51 676 1000000 365 1000000 161 1000000 1000000 952 774 310 1000000 1000000 
209 816 1000000 1000000 254 897 869 269 99 182 929 653 1000000 1000000 310 1000000 889 836 1000000 619 338 1000000 140 385 235 168 924 212 861 1000000 354 614 768 962 1000000 304 220 318 1000000 1000000 950 401 1000000 909 939 1000000 389 134 1000000 773 674 1000000 928 1000000 1000000 0 250 952 629 837 1000000 1000000 219 1000000 391 200 924 1000000 1000000 489 1000000 1000000 1000000 1000000 1000000 302 732 56 200 1000000 1000000 1000000 1000000 291 160 423 1000000 1000000 533 54 892 75 424 1000000 891 345 1000000 1000000 731 45 478 7 206 1000000 694 1000000 729 1000000 637 694 177 118 714 798 364 546 84 269 490 720 323 102 232 593 1000000 15 1000000 167 
1000000 1000000 36 622 1000000 733 1000000 258 246 1000000 841 787 562 631 533 1000000 641 1000000 1000000 1000000 774 45 934 1000000 1000000 101 189 214 1000000 402 1000000 589 1000000 215 88 1000000 1000000 1000000 418 296 608 582 437 1000000 1000000 821 366 200 710 1000000 451 667 912 244 98 868 0 466 386 1000000 277 1000000 1000000 784 341 1000000 715 558 304 616 1000000 221 468 808 524 767 216 534 550 44 1000000 1000000 1000000 1000000 955 500 637 320 73 559 640 1000000 214 1000000 9 292 1000000 1000000 297 199 210 760 121 254 863 460 467 1000000 607 231 1000000 1000000 167 1000000 1000000 1000000 811 1000000 110 1000000 679 283 103 70 941 1000000 338 1000000 
150 1000000 193 1000000 32 1000000 501 862 476 502 1000000 1000000 786 556 550 329 946 925 514 1000000 186 46 1000000 177 837 222 377 329 531 953 1000000 1000000 764 789 926 1000000 328 1000000 1000000 131 258 849 1000000 248 370 165 658 385 1000000 572 1000000 915 1000000 321 670 246 268 0 1000000 952 946 807 752 1000000 168 592 1000000 4 588 1000000 645 36 790 1000000 979 1000000 266 1000000 211 1000000 1000000 1000000 427 945 562 1000000 870 863 631 1000000 1000000 726 446 667 805 1000000 1000000 335 565 935 892 8 646 528 1000000 1000000 152 1000000 390 756 532 1000000 589 259 1000000 1000000 726 988 1000000 641 786 973 928 578 512 1000000 1000000 552 
811 232 106 462 1000000 1000000 395 1000000 917 930 1000000 471 405 712 1000000 1000000 967 1000000 824 1000000 991 1000000 404 807 931 143 974 1000000 422 431 145 570 525 880 576 539 208 888 752 1000000 542 886 374 1000000 254 918 254 878 1000000 998 1000000 487 1000000 666 445 1000000 1000000 1000000 0 1000000 1000000 1000000 1000000 670 936 145 577 1000000 384 588 965 91 904 1000000 1000000 1000000 611 228 1000000 698 164 508 272 86 437 1000000 431 439 1000000 1000000 149 1000000 378 997 484 396 385 1000000 457 1000000 1000000 202 151 131 788 70 1000000 888 1000000 223 639 308 1000000 302 272 863 15 1000000 322 429 1000000 620 49 89 1000000 369 1000000 3 
1000000 531 777 378 1000000 84 1000000 75 880 375 844 329 119 253 1000000 737 56 61 404 147 1000000 514 232 785 1000000 406 927 73 181 871 297 1000000 292 532 127 271 882 803 865 394 500 285 864 113 973 416 1000000 1000000 699 949 272 806 560 321 817 332 833 728 928 0 1000000 1000000 508 1000000 1000000 174 409 99 143 883 268 1000000 550 792 745 725 5 918 1000000 795 1000000 671 283 307 478 588 1000000 502 666 1000000 227 524 1000000 758 164 769 711 901 707 1000000 1000000 425 169 626 1000000 740 1000000 1000000 672 1000000 959 29 965 877 753 1000000 580 261 709 790 924 507 3 1000000 1000000 536 1000000 106 
643 330 488 411 139 270 1000000 1000000 445 386 612 215 431 307 1000000 256 480 11 1000000 246 671 1000000 636 635 1000000 1000000 636 33 936 609 1000000 1000000 417 1000000 879 424 184 1000000 632 1000000 1000000 596 660 722 804 328 227 1000000 261 1000000 68 29 1000000 286 370 415 1000000 685 544 96 0 607 1000000 807 407 350 589 95 1000000 836 636 615 1000000 116 948 1000000 805 1000000 1000000 808 1000000 1000000 1000000 393 1000000 375 843 789 1000000 60 105 903 1000000 1000000 1000000 616 828 1000000 1000000 1000000 423 1000000 1000000 784 165 675 603 548 481 1000000 770 783 379 1000000 1000000 1000000 46 784 486 720 381 16 1000000 1000000 621 1000000 1000000 31 
774 69 442 253 1000000 1000000 595 279 227 1000000 9 1000000 406 231 54 1000000 1000000 1000000 334 608 1000000 1000000 1000000 259 554 1000000 646 239 743 377 360 1000000 301 1000000 676 1000000 214 1000000 1000000 20 1000000 1000000 896 195 336 1000000 1000000 1000000 1000000 543 989 227 771 252 793 180 1000000 1000000 444 1000000 1000000 0 1000000 1000000 516 638 54 961 125 488 1000000 1000000 307 729 531 404 551 1000000 1000000 1000000 1000000 367 607 554 1000000 774 1000000 797 146 152 1000000 1000000 302 769 1000000 716 878 508 472 464 468 1000000 1000000 1000000 818 258 78 598 917 709 298 1000000 271 246 1000000 1000000 1000000 601 1000000 958 758 193 1000000 726 1000000 883 658 1000000 
182 513 1000000 103 755 6 818 392 992 1000000 594 978 977 285 1000000 98 1000000 1000000 1000000 1000000 392 1000000 1000000 432 531 539 29 1000000 1000000 985 1000000 560 613 396 1000000 1000000 773 73 979 125 758 1000000 648 812 52 904 142 219 865 632 20 947 962 339 780 8 1000000 105 268 651 97 153 0 847 401 1000000 1000000 416 386 392 966 980 879 1000000 1000000 367 357 368 856 545 1000000 903 273 438 1000000 952 345 702 1000000 1000000 1000000 697 1000000 676 46 119 112 1000000 1000000 410 1000000 696 1000000 215 377 815 962 1000000 61 841 536 461 1000000 564 595 434 424 156 801 376 1000000 230 596 3 1000000 1000000 743 1000000 
28 288 1000000 998 1000000 624 183 532 1000000 753 1000000 750 1000000 875 1000000 696 672 617 1000000 522 1000000 1000000 1000000 1000000 727 323 1000000 559 230 984 614 621 591 32 30 1000000 860 464 362 661 1000000 962 217 524 218 567 1000000 163 1000000 589 233 480 383 838 1000000 1000000 652 1000000 1000000 342 466 475 1000000 0 1000000 881 412 70 176 31 296 428 800 999 866 339 314 409 1000000 350 235 15 890 1000000 331 868 1000000 685 3 69 1000000 362 1000000 466 167 966 1000000 1000000 47 867 1000000 672 1000000 889 805 676 759 126 681 38 573 411 536 1000000 955 902 82 741 939 138 1000000 1000000 888 990 1000000 177 753 447 
319 78 480 240 197 225 942 1000000 280 364 1000000 1000000 120 6 1000000 1000000 1000000 895 289 1000000 678 879 508 967 1000000 84 409 297 1000000 826 305 1000000 247 1000000 1000000 1000000 963 182 861 840 456 729 1000000 736 490 234 1000000 191 71 774 682 1000000 1000000 373 1000000 457 1000000 719 234 1000000 322 449 682 1000000 0 778 380 178 20 1000000 1000000 535 654 380 415 679 1000000 510 452 1000000 1000000 1000000 548 314 934 1000000 362 779 332 1000000 177 1000000 237 910 590 1000000 197 708 60 667 37 68 974 1000000 534 655 1000000 638 1000000 239 169 419 504 416 85 757 897 466 474 612 1000000 196 1000000 1000000 919 544 1000000 548 
649 731 614 930 724 1000000 1000000 487 1000000 522 174 195 556 638 242 667 1000000 1000000 165 787 206 1000000 819 1000000 905 760 1000000 1000000 974 149 948 534 133 172 300 876 63 1000000 114 572 542 420 243 1000000 648 29 1000000 465 673 469 1000000 1000000 582 1000000 924 1000000 11 353 673 833 1000000 678 1000000 1000000 504 0 793 154 1000000 360 916 845 108 337 202 38 1000000 1000000 879 455 625 949 1000000 1000000 1000000 883 1000000 228 406 1000000 1000000 943 1000000 964 542 240 843 1000000 756 67 1000000 1000000 873 531 351 399 693 1000000 1000000 1000000 1000000 412 174 949 259 1000000 975 718 644 475 902 253 160 555 338 1000000 514 1000000 
318 563 1000000 1000000 621 205 867 220 348 75 163 7 1000000 731 1000000 931 1000000 1000000 233 314 227 307 553 1000000 829 1000000 1000000 278 1000000 1000000 482 96 1000000 988 812 972 1000000 697 447 1000000 369 1000000 630 407 690 104 457 661 779 662 312 916 9 379 1000000 1000000 1000000 326 402 914 531 798 701 276 1000000 950 0 1000000 137 602 1000000 1000000 929 651 1000000 1000000 22 443 237 602 981 929 168 863 964 13 187 813 825 256 1000000 330 210 329 569 261 1000000 582 1000000 8 1000000 921 1000000 785 751 567 1000000 1000000 320 496 478 307 1000000 665 698 126 106 1000000 677 1000000 731 498 958 1000000 438 311 1000000 529 
716 110 719 237 729 887 596 1000000 692 824 305 199 276 965 917 508 651 617 51 936 600 505 779 83 1000000 523 1000000 726 853 530 1000000 151 1000000 881 1000000 1000000 268 605 507 1000000 962 522 896 593 941 210 1000000 207 1000000 456 387 111 318 925 1000000 1000000 389 216 934 570 497 1000000 1000000 1000000 1000000 156 1000000 0 468 490 220 679 1000000 1000000 215 551 975 419 1000000 1000000 451 1000000 141 743 243 1000000 1000000 558 751 567 685 254 169 648 824 434 409 1000000 11 1000000 801 564 75 209 802 519 825 1000000 487 1000000 437 339 957 324 281 1000000 1000000 414 784 988 315 624 198 629 442 1000000 551 7 
14 772 324 630 751 1000000 1000000 619 271 833 966 839 1000000 566 280 747 569 214 617 1000000 189 589 723 1000000 776 524 218 928 54 397 547 312 1000000 1000000 878 1000000 861 1000000 489 1000000 136 617 259 58 718 1000000 27 372 49 1000000 1000000 681 616 256 1000000 376 886 1000000 119 63 1000000 1000000 350 104 138 1000000 265 1000000 0 1000000 943 327 362 328 1000000 895 508 688 943 136 678 233 594 186 1000000 840 60 131 783 77 675 275 684 3 636 1000000 1000000 1000000 1000000 882 211 1000000 716 877 86 965 414 591 899 788 1000000 607 1000000 1000000 746 1000000 207 194 1000000 1000000 560 1000000 61 1000000 1000000 1000000 555 39 
1000000 274 108 78 472 668 716 1000000 513 1000000 901 1000000 462 66 467 1000000 360 830 336 1000000 121 1000000 300 385 738 1000000 1000000 942 185 332 700 1000000 813 200 220 449 1000000 185 325 96 1000000 781 852 757 806 224 1000000 1000000 1000000 1000000 755 1000000 862 1000000 1000000 355 834 469 1000000 579 822 707 260 1000000 1000000 121 1000000 243 155 0 374 136 567 1000000 360 1000000 328 1000000 740 799 741 811 1000000 1000000 1000000 1000000 618 106 734 839 1000000 1000000 677 750 1000000 1000000 425 897 1000000 514 371 468 886 919 747 346 125 891 132 1000000 88 1000000 1000000 143 973 961 294 898 1000000 1000000 151 490 591 1000000 165 922 110 820 
1000000 1000000 231 1000000 1000000 816 918 279 1000000 1000000 921 1000000 1000000 897 236 649 850 1000000 1000000 720 410 85 860 507 1000000 611 828 1000000 307 199 1000000 1000000 1000000 280 424 91 407 777 351 567 1000000 510 1000000 847 660 66 1000000 520 661 6 249 106 225 530 1000000 581 855 1000000 1000000 1000000 263 845 362 625 1000000 1000000 972 942 1000000 520 0 203 483 724 787 728 775 1000000 184 482 104 1000000 1000000 478 96 948 402 1000000 664 771 1000000 1000000 696 1000000 1000000 1000000 460 1000000 717 355 815 554 312 740 1000000 947 1000000 582 1000000 802 855 738 1000000 153 348 1000000 236 556 1000000 652 1000000 426 1000000 449 737 177 386 1000000 
1000000 691 1000000 980 276 1000000 591 965 1000000 1000000 1000000 774 555 1000000 1000000 40 663 705 517 1000000 1000000 801 1000000 1000000 1000000 830 109 949 931 1000000 1000000 804 1000000 134 957 969 1000000 727 1000000 541 1000000 953 1000000 632 1000000 1000000 185 314 1000000 1000000 1000000 940 1000000 7 74 663 644 1000000 256 861 1000000 1000000 1000000 839 1000000 825 1000000 1000000 603 313 1000000 0 57 737 423 20 1000000 963 1000000 1000000 1000000 934 119 1000000 142 786 716 1000000 1000000 1000000 260 449 858 82 470 1000000 424 625 81 155 171 104 949 864 682 1000000 695 715 133 288 265 468 528 665 435 1000000 71 310 553 903 831 100 105 1000000 893 636 832 963 
673 1000000 219 513 329 974 375 712 860 705 797 977 705 593 882 101 1000000 1000000 998 317 1000000 832 1000000 668 1000000 380 916 1000000 574 1000000 912 1000000 604 959 1000000 1000000 932 141 142 945 1000000 873 496 542 1000000 1000000 866 822 147 977 1000000 1000000 718 1000000 507 1000000 42 1000000 26 436 344 656 1000000 738 502 720 147 731 1000000 1000000 1000000 655 0 1000000 868 1000000 964 2 58 501 890 420 34 900 324 1000000 1000000 853 508 865 397 1000000 1000000 848 533 945 358 1000000 81 760 5 1000000 814 174 163 500 1000000 362 1000000 204 523 296 1000000 305 895 1000000 409 1000000 651 80 285 251 292 299 18 525 203 1000000 
185 280 1000000 280 1000000 478 347 1000000 1000000 1000000 1000000 915 1000000 945 1000000 1000000 480 1000000 559 615 386 1000000 1000000 895 1000000 569 1000000 348 715 1000000 855 467 1000000 828 1000000 48 110 1000000 1000000 1000000 526 513 1000000 1000000 662 1000000 735 1000000 65 911 471 603 806 871 1000000 259 371 1000000 1000000 504 934 576 965 277 763 30 388 55 273 1000000 162 875 740 0 1000000 279 939 920 38 62 392 161 109 143 18 307 1000000 424 876 1000000 1000000 1000000 512 405 627 160 332 1000000 972 685 578 415 233 319 905 1000000 1000000 642 1000000 524 787 378 268 97 875 881 235 341 830 1000000 519 852 208 474 50 1000000 391 1000000 
745 361 972 538 578 1000000 779 542 41 540 402 6 893 1000000 1000000 1000000 1000000 261 681 495 301 1000000 516 269 737 1000000 1000000 879 1000000 1000000 868 886 698 1000000 1000000 463 563 577 86 1000000 403 428 1000000 710 1000000 475 1000000 1000000 1000000 682 1000000 824 1000000 509 200 250 9 1000000 975 1000000 628 385 1000000 70 478 748 207 1000000 1000000 438 316 25 311 515 0 1000000 22 1000000 955 893 1000000 690 1000000 429 542 978 827 1000000 204 518 583 312 1000000 204 708 557 1000000 796 1000000 876 473 448 197 789 410 1000000 313 1000000 920 295 319 1000000 162 346 390 942 91 507 1000000 1000000 339 973 470 659 16 362 216 630 
978 1000000 972 704 675 894 877 982 1000000 300 584 429 1000000 630 942 139 724 749 914 281 1000000 547 1000000 114 717 953 531 1000000 1000000 351 693 632 30 741 1000000 369 24 1000000 1000000 272 124 1000000 1000000 1000000 902 125 19 271 296 996 1000000 108 1000000 1000000 1000000 1000000 838 1000000 1000000 879 1000000 180 1000000 602 1000000 868 842 680 703 29 1000000 109 487 1000000 362 0 709 1000000 619 218 545 352 160 513 1000000 766 1000000 1000000 576 862 899 1000000 223 847 127 208 1000000 1000000 1000000 776 139 424 733 100 35 1000000 71 917 361 702 1000000 550 1000000 602 1000000 1000000 1000000 433 74 333 947 1000000 838 1000000 141 978 1000000 366 
1000000 1000000 926 1000000 648 539 829 235 332 914 1000000 613 248 1000000 480 1000000 629 414 669 213 1000000 1000000 1000000 276 1000000 386 91 314 1000000 442 11 1000000 587 606 402 895 1000000 307 3 896 1000000 1000000 206 553 611 610 1000000 1000000 959 1000000 1000000 1000000 401 361 1000000 21 375 272 544 283 935 428 855 358 323 1000000 1000000 1000000 363 1000000 4 755 830 1000000 1000000 649 0 1000000 940 618 322 320 250 688 822 377 766 930 291 787 1000000 1000000 132 152 741 500 511 1000000 1000000 457 1000000 1000000 366 1000000 207 31 91 1000000 382 19 555 159 215 860 1000000 1000000 1000000 1000000 115 447 708 665 642 202 1000000 140 779 19 
460 496 616 279 723 252 1000000 159 563 668 1000000 1000000 27 1000000 328 690 943 794 657 1000000 1000000 1000000 872 1000000 178 809 320 902 641 1000000 719 190 580 764 782 315 930 1000000 1000000 612 1000000 882 858 167 917 311 6 215 783 490 600 811 1000000 1000000 199 118 1000000 964 217 1000000 1000000 335 1000000 419 1000000 864 1000000 399 946 379 566 173 1000000 509 851 1000000 295 0 1000000 126 1000000 563 1000000 801 479 415 134 1000000 830 63 642 327 360 131 640 810 1000000 1000000 422 1000000 1000000 362 219 197 63 162 1000000 669 296 1000000 992 1000000 212 76 858 999 523 403 982 815 1000000 757 909 1000000 1000000 491 725 269 
1000000 938 1000000 630 451 206 174 931 239 862 707 100 509 1000000 1000000 199 1000000 957 1000000 972 334 15 1000000 340 1000000 1000000 142 1000000 135 604 1000000 148 1000000 871 514 784 385 479 962 104 1000000 1000000 736 659 435 1000000 1000000 82 380 1000000 1000000 1000000 2 567 1000000 1000000 302 1000000 1000000 481 558 280 1000000 916 185 919 276 810 758 548 1000000 976 664 1000000 1000000 1000000 63 330 0 1000000 420 597 500 318 26 257 781 1000000 77 608 578 1000000 5 1000000 1000000 959 351 40 629 175 101 448 1000000 924 297 134 1000000 717 305 298 384 460 53 1000000 1000000 314 1000000 807 333 37 1000000 1000000 292 544 619 795 38 1000000 
1000000 251 45 171 690 1000000 768 1000000 1000000 429 1000000 44 1000000 573 273 1000000 68 431 953 1000000 1000000 1000000 73 963 246 1000000 761 1000000 717 1000000 1000000 208 721 835 1000000 1000000 282 722 293 1000000 1000000 603 1000000 666 481 1000000 726 507 224 825 123 420 1000000 14 221 487 439 571 545 843 668 416 160 930 811 322 441 267 42 784 202 577 107 406 337 977 412 743 434 0 1000000 1000000 1000000 378 318 116 790 194 1000000 803 1 1000000 909 765 625 80 145 1000000 505 277 28 122 89 387 457 1000000 1000000 1000000 1000000 8 1000000 146 101 148 1000000 1000000 1000000 1000000 714 324 698 623 297 1000000 536 653 614 470 
202 88 726 379 1000000 224 122 585 1000000 170 690 261 920 1000000 940 757 291 229 652 1000000 1000000 678 1000000 432 367 810 580 570 602 372 556 653 1000000 710 944 646 182 773 455 1000000 966 1000000 437 354 139 1000000 786 967 37 1000000 315 770 1000000 238 1000000 263 1000000 1000000 628 371 1000000 899 611 65 120 595 617 1000000 334 764 953 342 1000000 853 314 1000000 443 269 1000000 5 0 55 1000000 744 960 520 274 1000000 508 192 976 259 243 882 547 1000000 111 919 1000000 705 1000000 1 379 133 579 848 891 933 577 620 399 335 258 708 694 215 288 49 709 795 148 958 893 442 845 1000000 346 792 
1000000 863 395 710 1000000 669 491 1000000 121 795 668 1000000 429 1000000 1000000 1000000 884 728 14 1000000 11 187 1000000 1000000 1000000 504 1000000 554 981 654 921 37 652 1000000 185 1000000 1000000 1000000 586 148 755 5 789 206 81 824 332 625 551 490 1000000 659 1000000 647 1000000 148 83 1000000 1000000 1000000 256 431 1000000 1000000 410 95 504 30 1000000 936 322 196 988 1000000 770 1000000 252 89 862 1000000 293 0 1000000 191 238 1000000 625 208 271 1000000 1000000 58 585 792 1000000 1000000 893 721 430 248 500 801 1000000 1000000 274 913 469 1000000 1000000 1000000 930 616 843 311 1000000 921 373 1000000 606 234 801 1000000 1000000 449 192 1000000 1000000 231 
173 1000000 12 1000000 436 1000000 1000000 755 144 994 1000000 715 525 790 205 727 1000000 284 561 1000000 453 386 516 109 609 854 512 1000000 231 1000000 925 1000000 1000000 467 569 1000000 1000000 7 131 412 1000000 1000000 1000000 940 46 129 405 962 846 1000000 181 70 880 714 762 567 619 393 354 1000000 190 1000000 6 524 793 364 1000000 529 1000000 988 845 497 355 962 360 1000000 1000000 93 820 530 156 318 0 983 837 400 441 159 439 295 827 189 24 251 225 599 1000000 51 788 1000000 1000000 333 310 1000000 1000000 1000000 99 1000000 882 1000000 729 325 1000000 354 706 1000000 1000000 1000000 1000000 397 144 995 188 654 863 468 469 862 
876 153 1000000 33 991 1000000 1000000 1000000 132 1000000 623 768 66 1000000 140 770 634 380 1000000 247 1000000 220 1000000 252 170 99 478 879 215 179 1000000 1000000 625 1000000 507 248 108 538 965 405 894 1000000 98 501 491 50 81 1000000 259 1000000 1000000 1000000 716 1000000 1000000 1000000 740 1000000 1000000 692 1000000 1000000 683 301 713 219 36 85 1000000 144 1000000 1000000 495 1000000 170 1000000 348 628 32 971 105 940 339 0 136 723 688 23 1000000 1000000 264 1000000 1000000 1000000 866 971 755 221 804 335 1000000 384 1000000 499 269 704 1000000 262 913 1000000 1000000 222 1000000 197 364 374 973 508 213 179 250 381 917 936 705 1000000 403 1000000 
250 1000000 64 969 185 747 541 1000000 459 944 692 1000000 247 1000000 617 372 513 702 1000000 1000000 1000000 516 1000000 372 831 1000000 241 410 463 273 736 1000000 166 518 463 1000000 995 760 898 527 506 1000000 753 294 1000000 1000000 430 803 365 1000000 625 1000000 744 1000000 997 402 306 1000000 49 402 484 1000000 543 425 88 22 15 954 112 534 902 1000000 30 708 346 462 767 54 133 1000000 352 257 582 954 0 55 28 62 832 1000000 913 469 151 552 590 659 23 347 660 655 858 314 668 698 761 1000000 1000000 806 470 972 222 1000000 1000000 112 177 659 41 1000000 214 710 479 732 116 341 575 473 1000000 95 
899 656 1000000 883 561 265 106 1000000 655 1000000 267 613 1000000 1000000 252 481 719 1000000 79 64 972 739 146 808 508 354 982 138 24 208 581 209 174 430 1000000 1000000 1000000 1000000 1000000 888 1000000 775 1000000 1000000 1000000 331 550 1000000 1000000 268 1000000 714 172 1000000 1000000 792 398 1000000 96 265 375 15 633 240 937 129 1000000 1000000 1000000 873 490 853 423 268 186 545 113 800 1000000 674 326 1000000 1000000 472 654 0 1000000 1000000 1000000 1000000 1000000 1000000 1000000 1000000 1000000 1000000 910 1000000 800 163 321 995 1000000 640 150 478 181 59 1000000 1000000 1000000 558 844 21 209 782 370 174 330 246 209 423 1000000 1000000 208 653 836 252 
1000000 1000000 155 1000000 690 865 522 233 206 1000000 335 984 1000000 1000000 1000000 1000000 545 809 468 1000000 628 1000000 231 46 518 1000000 398 504 242 47 500 792 1000000 171 1000000 520 1000000 481 223 503 71 477 784 446 1000000 257 132 387 974 148 835 1000000 1000000 1000000 1000000 474 994 187 510 816 1000000 1000000 1000000 884 813 576 362 841 285 1000000 1000000 883 1000000 158 97 388 1000000 1000000 942 49 611 543 304 471 129 234 0 822 1000000 321 22 556 1000000 323 1000000 381 200 913 1000000 336 816 1000000 995 692 1000000 125 1000000 1000000 817 931 402 1000000 404 714 465 177 745 1000000 258 1000000 853 736 1000000 719 481 351 681 572 
659 514 71 91 1000000 671 267 999 466 1000000 1000000 304 26 786 333 1000000 357 212 75 44 1000000 1 918 644 599 1000000 575 625 881 893 174 475 677 942 87 1000000 552 191 1000000 1000000 1000000 792 313 156 853 808 387 681 376 926 139 86 908 1000000 906 926 259 1000000 42 1000000 615 815 141 132 721 196 500 785 886 901 1000000 1000000 936 867 1000000 1000000 771 582 1000000 271 813 664 673 135 1000000 820 1000000 0 1000000 1000000 906 857 251 314 1000000 1000000 134 1000000 468 1000000 1000000 611 1000000 769 190 271 675 948 1000000 119 222 876 661 1000000 241 1000000 839 1000000 1000000 215 32 238 54 359 64 703 182 658 
970 591 797 1000000 766 1000000 836 101 401 758 1000000 742 1000000 980 563 149 214 943 395 390 1000000 894 385 60 1000000 156 888 326 1000000 1000000 1000000 674 415 121 932 1000000 1000000 993 1000000 797 96 616 1000000 1000000 587 1000000 756 870 1000000 1000000 206 890 967 1000000 66 390 1000000 1000000 1000000 825 1000000 551 864 807 553 621 737 429 1000000 1000000 1000000 675 749 1000000 820 53 450 1000000 1000000 597 914 1000000 953 1000000 381 1000000 915 1000000 0 862 666 856 1000000 313 907 764 998 1000000 615 1000000 960 597 341 206 488 342 179 260 293 925 434 241 389 225 922 138 1000000 1000000 971 472 1000000 572 339 419 278 666 1000000 552 
783 869 1000000 667 1000000 1000000 853 1000000 558 521 361 232 250 1000000 1000000 285 687 197 1000000 927 662 1000000 432 1000000 1000000 418 845 956 604 546 1000000 208 1000000 102 834 1000000 590 636 774 888 316 639 938 1000000 1000000 1000000 1000000 1000000 177 68 255 472 882 490 1000000 1000000 282 85 742 446 1000000 742 152 428 1000000 474 133 100 1000000 93 374 1000000 463 119 930 488 917 63 524 393 412 999 429 672 7 150 957 731 1000000 0 438 1000000 1000000 843 202 1000000 86 235 1000000 517 324 1000000 739 273 933 1000000 840 401 580 278 1000000 1000000 618 898 1000000 290 409 901 1000000 61 1000000 1000000 413 985 847 71 490 959 
586 451 603 1000000 1000000 968 645 567 534 354 510 1000000 157 177 1000000 695 740 446 917 30 810 392 390 1000000 342 404 284 1000000 482 1000000 396 758 1000000 1000000 845 823 793 485 1000000 228 468 971 123 952 130 465 739 1000000 1000000 213 1000000 363 426 468 486 773 537 1000000 1000000 451 141 1000000 609 1000000 360 1000000 1000000 51 997 598 680 566 1000000 272 579 1000000 153 48 1000000 753 86 1000000 844 863 752 1000000 777 418 342 196 0 169 192 1000000 160 570 873 604 1000000 864 1000000 505 229 428 469 439 184 664 1000000 603 1000000 1000000 963 972 1000000 1000000 316 731 1000000 1000000 1000000 366 222 1000000 876 1000000 16 347 
873 1000000 1000000 1000000 432 1000000 760 161 91 59 1000000 738 343 476 1000000 1000000 808 1000000 1000000 654 1000000 407 1000000 605 30 1000000 356 1000000 484 1000000 317 511 473 1000000 1000000 338 843 9 392 533 423 362 610 741 490 164 142 1000000 167 1000000 557 967 502 165 1000000 1000000 1000000 420 968 611 928 636 763 867 634 634 927 685 862 690 992 1000000 1000000 68 1000000 274 1000000 451 1000000 956 782 619 685 1000000 1000000 740 31 738 1000000 426 646 0 952 55 463 746 650 1000000 1000000 525 1000000 686 272 576 978 1000000 398 876 731 40 796 1000000 490 421 524 1000000 55 361 253 48 43 654 909 234 873 816 395 1000000 
470 568 94 905 809 656 31 834 280 1000000 406 1000000 83 582 64 1000000 112 1000000 916 821 134 778 1000000 553 679 1000000 157 683 576 1000000 410 1000000 528 642 523 861 488 1000000 811 849 528 348 543 271 250 1000000 1000000 1000000 36 509 664 1000000 146 1000000 214 1000000 1000000 1000000 378 542 980 1000000 426 516 1000000 1000000 87 638 690 268 443 1000000 304 377 311 1000000 199 205 664 424 468 1000000 484 507 1000000 681 1000000 868 1000000 546 641 194 0 750 431 341 1000000 532 473 1000000 760 189 630 932 295 331 404 1000000 237 1000000 497 1000000 346 207 404 1000000 617 606 201 1000000 383 1000000 460 928 583 190 1000000 130 
18 720 98 1000000 742 923 500 911 254 641 390 231 312 1000000 394 488 1000000 836 312 476 1000000 324 1000000 167 1000000 460 58 244 1000000 649 440 175 1000000 119 276 406 116 1000000 550 103 849 194 198 390 1000000 1000000 525 320 441 1000000 1000000 443 342 1000000 80 572 758 354 334 581 125 490 1000000 934 802 715 773 1000000 325 128 728 64 493 188 733 482 933 723 668 1000000 643 1000000 880 59 776 1000000 976 174 222 161 1000000 1000000 647 0 1000000 384 665 1000000 994 389 1000000 214 1000000 71 60 565 165 1000000 73 886 1000000 920 1000000 246 124 421 404 35 1000000 1000000 1000000 338 60 575 553 565 1000000 393 
521 569 998 1000000 286 1000000 666 613 96 187 1000000 827 1000000 739 789 990 631 354 228 750 876 1000000 939 341 819 926 354 1000000 1000000 857 346 601 1000000 801 1000000 913 864 50 1000000 1000000 729 781 400 970 308 1000000 841 413 543 155 938 502 559 605 176 1000000 609 325 773 1000000 1000000 1000000 159 506 901 29 889 301 291 819 597 950 524 267 795 1000000 800 1000000 128 104 692 171 203 311 819 655 1000000 914 562 1000000 486 857 1000000 351 0 570 1000000 1000000 1000000 639 562 865 140 1000000 692 566 635 1000000 401 784 1000000 369 265 259 1000000 828 1000000 1000000 252 24 1000000 282 431 1000000 585 1000000 1000000 1000000 
12 208 383 235 411 188 354 913 218 1000000 1000000 253 359 1000000 82 422 744 1000000 1000000 520 762 434 794 16 661 470 212 1000000 385 112 1000000 1000000 935 1000000 138 1000000 266 20 622 29 289 464 342 281 1000000 1000000 827 304 971 905 43 843 921 372 85 335 757 692 957 793 710 1000000 1000000 11 260 797 520 322 155 1000000 53 1000000 63 1000000 1000000 222 879 1000000 150 55 1000000 710 271 29 768 1000000 99 322 710 395 831 642 1000000 266 56 0 924 123 283 1000000 1000000 303 430 138 971 1000000 779 189 488 606 771 1000000 663 930 1000000 932 829 1000000 122 1000000 796 330 324 256 723 1000000 98 980 
740 345 486 416 855 541 193 208 1000000 980 943 156 888 180 658 840 183 1000000 1000000 31 532 699 557 540 154 55 253 1000000 382 329 1000000 983 254 1000000 1000000 883 1000000 1000000 867 651 209 229 1000000 479 560 90 802 846 1000000 1000000 577 641 547 765 77 230 1000000 788 951 599 1000000 1000000 663 1000000 188 337 141 1000000 314 811 1000000 71 1000000 213 724 1000000 557 489 928 331 1000000 100 840 699 461 800 981 1000000 1000000 303 231 30 1000000 829 904 117 0 1000000 461 1000000 498 1000000 1000000 194 165 1000000 812 881 709 111 348 1000000 1000000 365 460 1000000 290 623 84 572 491 517 828 1000000 369 274 1000000 850 
1000000 214 423 67 1000000 858 982 115 472 1000000 1000000 583 516 166 305 790 353 1000000 1000000 79 541 686 303 378 829 1000000 382 305 26 773 913 725 18 299 1000000 575 120 1000000 1000000 1000000 1000000 170 1000000 254 189 949 373 1000000 55 1000000 1000000 1000000 61 1000000 54 1000000 1000000 1000000 15 1000000 750 209 124 439 729 123 962 436 27 1000000 308 774 408 31 900 846 409 688 1000000 1000000 907 1000000 286 869 47 1000000 686 820 1000000 285 1000000 284 1000000 413 1000000 362 1000000 0 277 1000000 312 516 643 782 361 1000000 29 185 655 1000000 961 539 1000000 18 857 1000000 507 32 554 854 715 470 1000000 1000000 617 1000000 756 151 
177 147 1000000 366 653 514 1000000 1000000 891 1000000 796 1000000 1000000 1000000 930 609 1000000 185 488 23 1000000 1000000 514 247 976 1000000 638 839 981 1000000 1000000 1000000 946 382 33 268 1000000 823 967 534 992 1000000 344 531 610 1000000 1000000 264 697 164 1000000 314 903 500 190 913 1000000 711 347 1000000 1000000 804 439 56 1000000 658 1000000 710 1000000 942 744 898 250 1000000 1000000 571 488 1000000 457 4 55 733 173 125 46 562 557 1000000 1000000 1000000 623 697 1000000 1000000 99 651 361 1000000 0 146 164 204 665 632 427 1000000 74 715 597 843 1000000 486 182 1000000 713 61 1000000 983 62 891 408 1000000 1000000 1000000 791 790 1000000 840 
83 3 318 551 648 290 1000000 1000000 823 529 1000000 681 1000000 644 1000000 538 519 142 1000000 861 332 1000000 990 879 555 766 262 1000000 533 382 851 941 176 450 1000000 969 1000000 1000000 833 1000000 178 1000000 613 636 240 1000000 447 207 458 1000000 1000000 1000000 474 1000000 1000000 305 267 1000000 878 854 820 987 610 1000000 16 708 216 1000000 241 49 831 492 1000000 215 857 1000000 854 506 33 122 1000000 295 119 1000000 903 90 1000000 1000000 1000000 1000000 1000000 565 840 1000000 1000000 824 775 192 982 0 1000000 869 5 588 1000000 1000000 711 340 1000000 511 457 168 552 730 746 1000000 520 1000000 276 1000000 519 1000000 67 751 1000000 399 456 950 
840 562 1000000 1000000 1000000 984 517 1000000 834 1000000 142 1000000 779 374 780 1000000 286 145 400 1000000 838 1000000 671 1000000 311 142 863 207 394 1000000 188 146 1000000 723 278 733 1000000 226 544 746 1000000 1000000 1000000 413 106 1000000 826 301 819 817 197 532 156 1000000 763 732 818 1000000 897 964 440 612 1000000 1000000 1000000 1000000 1000000 508 1000000 69 1000000 1000000 975 774 1000000 1000000 23 1000000 569 691 991 983 998 838 920 314 523 526 882 1000000 415 1000000 849 548 442 636 1000000 1000000 466 619 0 561 564 1000000 791 481 796 742 287 756 862 379 781 661 913 558 267 1000000 1000000 165 881 924 1000000 1000000 612 124 483 67 
409 1000000 1000000 283 1000000 135 868 1000000 300 990 39 48 1000000 641 271 678 262 283 955 679 358 813 931 934 1000000 61 322 352 128 687 891 906 275 835 119 874 28 792 583 642 1000000 1000000 1000000 1000000 295 741 649 612 685 858 575 1000000 637 691 1000000 1000000 973 395 363 982 982 1000000 1000000 199 1000000 60 9 890 758 277 506 750 525 667 817 1000000 1000000 1000000 1000000 1000000 655 679 885 1000000 622 1000000 471 446 340 1000000 501 1000000 130 1000000 1000000 141 565 94 396 192 1000000 0 868 39 728 25 1000000 1000000 1000000 801 1000000 241 1000000 1000000 331 1000000 1000000 1000000 33 700 1000000 1000000 1000000 241 967 1000000 329 686 
108 291 1000000 1000000 942 834 424 449 1000000 1000000 541 366 1000000 77 412 1000000 452 908 1000000 841 430 82 1000000 1000000 536 338 304 399 452 645 862 1000000 57 1000000 790 1000000 157 219 733 774 966 1000000 19 1000000 1000000 984 409 1000000 1000000 690 504 1000000 1000000 71 107 805 467 205 809 686 295 991 1000000 586 1000000 1000000 1000000 754 168 575 102 1000000 151 1000000 54 188 161 482 424 689 1000000 1000000 384 1000000 643 1000000 111 826 47 181 1000000 1000000 820 41 508 13 355 1000000 454 614 1000000 1000000 0 1000000 253 1000000 901 949 1000000 354 245 396 842 651 481 275 422 462 1000000 1000000 291 1000000 195 1000000 525 468 1000000 770 
1000000 198 463 327 638 822 587 587 737 65 995 415 1000000 124 84 820 521 111 417 1000000 535 845 845 1000000 908 983 854 946 1000000 402 694 524 1000000 1000000 281 189 1000000 278 1000000 1000000 813 190 1000000 110 1000000 1000000 766 203 1000000 1000000 1000000 981 1000000 1000000 1000000 816 934 656 248 358 924 1000000 619 708 350 1000000 179 1000000 262 556 413 1000000 1000000 599 748 1000000 1000000 835 130 541 18 1000000 111 476 456 733 303 981 670 176 787 248 1000000 387 1000000 678 697 652 177 418 69 340 628 0 256 1000000 427 175 193 59 748 360 865 1000000 57 374 360 412 1000000 316 241 691 956 1000000 1000000 1000000 600 434 
58 1000000 1000000 1000000 1000000 671 1000000 383 724 783 1000000 264 1000000 722 553 908 555 936 531 672 544 1000000 417 838 796 678 589 1000000 54 1000000 640 72 1000000 212 1000000 917 228 1000000 1000000 1000000 681 824 880 1000000 120 1000000 626 594 348 880 835 849 117 152 390 503 1000000 322 952 1000000 360 586 862 1000000 48 1000000 138 1000000 243 1000000 1000000 240 1000000 132 1000000 1000000 502 857 482 76 87 1000000 960 1000000 506 285 289 1000000 70 510 350 1000000 287 177 1000000 229 1000000 178 842 962 327 1000000 1000000 1000000 0 1000000 1000000 640 278 1000000 1000000 118 1000000 638 1000000 211 425 715 931 837 868 251 1000000 184 1000000 685 1000000 560 
895 1000000 112 1000000 211 1000000 1000000 190 1000000 870 1000000 33 461 379 1000000 1000000 1000000 439 717 577 961 952 832 1000000 363 1000000 83 1000000 411 1000000 840 1000000 1000000 1000000 1000000 1000000 409 1000000 528 982 324 80 1000000 1000000 205 382 1000000 838 860 263 1000000 1000000 496 754 974 612 355 568 1000000 809 918 42 709 697 422 568 741 306 646 1000000 12 540 396 1000000 716 114 947 207 883 781 397 1000000 35 404 399 1000000 702 711 1000000 689 72 230 217 330 1000000 378 1000000 380 921 1000000 52 892 1000000 930 244 0 1000000 387 1000000 1000000 442 406 1000000 1000000 1000000 933 1000000 656 1000000 57 425 762 257 120 1000000 374 784 207 
428 228 249 1000000 1000000 580 1000000 36 738 450 257 957 821 182 82 1000000 472 567 503 1000000 1000000 1000000 68 847 1000000 422 1000000 1000000 350 975 928 944 641 781 1000000 695 921 962 429 14 123 680 516 1000000 292 926 306 1000000 404 1000000 793 962 616 977 697 671 106 1000000 181 338 127 1000000 397 960 1000000 136 814 367 1000000 1000000 79 606 413 1000000 705 1000000 665 7 1000000 662 1000000 243 980 785 1000000 1000000 381 579 198 818 1000000 1000000 802 264 885 326 876 560 581 730 1000000 357 1000000 1000000 463 316 0 652 1000000 1000000 516 12 832 902 122 1000000 197 472 928 1000000 752 894 682 1000000 635 208 964 820 
1000000 675 658 1000000 74 643 681 339 1000000 1000000 590 262 309 432 448 759 567 15 709 169 693 784 439 620 645 743 65 1000000 1000000 256 627 384 1000000 1000000 427 1000000 100 1000000 879 988 1000000 1000000 217 1000000 983 430 1000000 220 734 920 1000000 1000000 987 132 242 1000000 1000000 472 1000000 17 1000000 1000000 544 533 1000000 173 157 975 925 647 1000000 1000000 744 105 1000000 1000000 943 309 242 1000000 115 637 24 979 1000000 1000000 741 1000000 240 506 1000000 666 469 848 1000000 712 108 749 877 317 150 386 1000000 1000000 1000000 1000000 985 0 381 340 1000000 420 103 1000000 437 1000000 1000000 598 1000000 557 556 745 670 747 118 1000000 348 374 
431 896 547 168 377 591 74 825 1000000 748 1000000 941 258 459 652 609 50 793 298 1000000 700 1000000 1000000 178 1000000 306 1000000 555 1000000 1000000 753 333 395 949 970 1000000 305 716 679 373 298 1000000 1000000 837 843 1000000 1000000 1000000 428 736 121 56 958 1000000 289 720 1000000 1000000 1000000 745 573 522 776 482 409 1000000 1000000 462 591 23 1000000 1000000 893 1000000 319 448 170 470 1000000 1000000 76 692 607 1000000 899 355 871 100 809 98 961 666 245 972 165 1000000 804 672 300 1000000 217 901 1000000 326 769 1 81 417 0 359 1000000 349 1000000 289 97 50 834 392 285 55 1000000 912 23 815 84 1000000 444 447 
520 399 951 1000000 1000000 663 1000000 514 775 948 1000000 1000000 1000000 316 1000000 114 36 1000000 1000000 1000000 737 854 1000000 907 338 714 1000000 1000000 800 646 716 649 826 940 168 111 1000000 181 973 1000000 1000000 734 1000000 1000000 991 617 1000000 799 701 994 646 898 1000000 334 110 687 1000000 796 166 737 1000000 361 822 740 1000000 1000000 1000000 640 1000000 1000000 1000000 858 1000000 989 447 589 499 554 1000000 635 66 222 836 1000000 1000000 432 915 122 1000000 1000000 1000000 812 952 502 842 311 1000000 108 383 1000000 983 1000000 119 894 4 1000000 689 435 1000000 0 377 425 88 1000000 545 1000000 787 1000000 542 1000000 1000000 58 1000000 315 1000000 409 344 1000000 
1000000 965 143 1000000 471 1000000 1000000 1000000 911 437 1000000 90 606 539 925 388 1000000 140 1000000 791 436 1000000 1000000 569 1000000 1000000 101 1000000 298 881 335 195 258 526 1000000 378 935 1000000 1000000 815 722 894 552 204 400 1000000 1000000 775 245 83 100 1000000 635 738 600 425 1000000 350 1000000 452 1000000 448 43 397 463 15 969 1000000 480 712 1000000 495 340 1000000 1000000 16 55 307 959 299 134 38 824 798 50 161 889 14 423 532 207 318 45 188 1000000 351 1000000 42 1000000 943 262 33 709 1000000 355 378 286 1000000 1000000 225 0 202 1000000 87 1000000 1000000 1000000 577 267 1000000 662 133 410 1000000 1000000 1000000 267 1000000 
644 1000000 978 1000000 490 918 560 949 566 131 928 914 1000000 743 807 158 231 397 959 899 560 1000000 1000000 65 54 936 861 837 473 189 172 1000000 27 690 643 557 100 520 1000000 38 1000000 1000000 1000000 438 1000000 892 812 56 41 1000000 1000000 625 1000000 581 400 426 1000000 20 1000000 1000000 780 784 123 346 862 357 1000000 794 952 422 936 1000000 2 330 1000000 338 1000000 929 683 1000000 120 678 1000000 845 156 503 1000000 747 90 954 754 299 607 1000000 928 378 899 320 75 69 985 225 138 1000000 707 315 1000000 1000000 711 586 517 0 993 746 268 331 1000000 63 957 881 887 1000000 399 1000000 1000000 777 277 1000000 
1000000 683 399 104 230 886 68 394 190 430 894 766 547 141 440 353 841 516 976 943 652 527 1000000 1000000 749 900 1000000 185 651 101 611 569 925 405 1000000 1000000 264 753 352 942 1000000 1000000 1000000 601 1000000 783 902 125 1000000 960 856 656 312 1000000 836 709 1000000 543 1000000 137 85 864 1000000 195 1000000 391 46 361 1000000 56 175 214 1000000 504 331 366 1 32 1000000 722 455 1000000 395 1000000 377 10 1000000 706 494 376 1000000 43 1000000 1000000 722 494 144 801 1000000 671 676 424 1000000 647 396 514 1000000 1000000 865 102 640 1000000 0 927 1000000 14 1000000 771 103 888 670 584 1000000 982 220 921 36 1000000 
754 120 143 862 702 570 1000000 463 196 407 670 708 764 554 26 397 944 542 1000000 1000000 1000000 1000000 576 1000000 571 1000000 268 898 399 956 662 624 104 638 137 369 375 1000000 1000000 1000000 1000000 602 130 470 1000000 977 1000000 848 931 890 136 1000000 1000000 943 1000000 822 1000000 967 1000000 1000000 434 1000000 235 575 347 392 316 327 590 292 852 110 93 1000000 589 846 158 152 1000000 370 357 15 1000000 1000000 1000000 1000000 1000000 1000000 1000000 1000000 750 650 1000000 1000000 1000000 897 1000000 125 578 352 156 714 824 519 324 1000000 279 1000000 304 614 1000000 1000000 409 0 1000000 128 12 1000000 1000000 185 522 438 1000000 1000000 912 704 323 384 
350 541 683 396 1000000 1000000 918 833 870 994 1000000 66 1000000 575 311 1000000 1000000 251 724 1000000 409 995 689 390 537 415 378 797 223 7 658 264 943 1000000 260 777 1000000 981 684 904 712 1000000 1000000 1000000 1000000 34 385 754 351 748 319 588 331 1000000 1000000 242 621 560 1000000 926 624 1000000 1000000 112 1000000 1000000 173 632 1000000 997 1000000 1000000 604 492 235 693 117 1000000 707 133 1000000 162 14 103 104 1000000 713 62 829 1000000 364 1000000 92 697 1000000 1000000 559 865 30 108 1000000 600 208 641 94 1000000 226 508 220 1000000 1000000 1000000 902 1000000 0 15 632 1000000 128 744 692 1000000 1000000 448 566 799 138 1000000 
1000000 652 1000000 221 1000000 23 1000000 434 1000000 52 248 755 946 851 1000000 1000000 563 845 1000000 1000000 28 1000000 964 558 1000000 428 406 98 1000000 693 524 650 798 780 359 499 1000000 1000000 195 358 235 1000000 635 1000000 32 800 1000000 58 104 705 614 514 235 1000000 731 1000000 633 613 127 848 21 588 911 597 564 784 144 580 244 1000000 354 497 655 913 1000000 122 1000000 1000000 534 989 73 134 144 1000000 601 885 110 486 96 763 227 1000000 338 1000000 1000000 869 521 499 1000000 546 60 355 271 472 1000000 107 254 918 464 501 355 341 1000000 1000000 1000000 0 390 159 12 235 1000000 553 949 280 236 927 1000000 1000000 
554 67 886 253 994 1000000 1000000 197 613 1000000 1000000 389 246 1000000 218 1000000 595 849 767 789 154 897 179 452 69 340 936 1000000 772 1000000 1000000 478 688 406 801 413 1000000 967 147 276 1000000 887 829 481 801 1000000 969 487 449 24 393 497 690 380 1000000 932 947 1000000 441 752 353 1000000 1000000 431 1000000 761 1000000 559 1000000 235 1000000 519 848 91 615 673 765 1000000 237 925 635 465 173 1000000 103 17 113 134 138 1000000 243 240 206 783 98 1000000 1000000 272 961 511 745 1000000 101 492 856 1000000 644 209 853 1000000 841 1000000 1000000 412 461 566 0 342 126 569 240 50 306 818 1000000 1000000 954 385 
924 813 1000000 775 1000000 531 1000000 824 1000000 1000000 736 862 1000000 1000000 746 989 1000000 342 628 720 1000000 263 686 835 964 1000000 720 1000000 916 1000000 323 965 847 798 1000000 554 692 691 165 20 203 806 893 1000000 283 541 1000000 1000000 1000000 504 582 460 72 1000000 944 81 897 391 239 1000000 284 651 277 165 105 530 878 1000000 1000000 1000000 84 754 112 982 240 892 1000000 452 240 747 59 583 355 1000000 370 807 1000000 52 113 853 943 1000000 542 617 568 39 409 456 788 752 1000000 310 1000000 1000000 482 1000000 64 662 1000000 165 1000000 571 894 1000000 1000000 636 1000000 0 388 705 8 1000000 1000000 478 826 1000000 1000000 552 
1000000 1000000 1000000 185 1000000 965 1000000 1000000 561 611 1000000 1000000 620 695 676 970 732 273 514 1000000 491 1000000 1000000 51 1000000 497 402 956 765 411 224 1000000 126 67 392 668 161 357 571 980 716 1000000 820 151 1000000 1000000 136 504 1000000 21 1000000 1000000 1000000 1000000 964 1000000 1000000 596 1000000 605 43 481 616 1000000 712 1000000 356 1000000 792 1000000 1000000 988 1000000 572 625 539 211 499 978 384 602 321 1000000 754 540 350 1000000 609 829 775 242 706 1000000 813 314 682 763 956 91 1000000 258 660 428 898 325 430 226 144 912 3 755 342 462 314 647 1000000 809 25 0 1000000 306 210 213 247 116 1000000 356 870 
1000000 317 985 616 589 590 155 651 696 1000000 272 72 19 564 192 1000000 172 1000000 1000000 238 1000000 279 232 605 1000000 1000000 155 667 144 1000000 681 1000000 272 1000000 213 520 1000000 755 128 619 897 33 703 161 758 682 1000000 709 53 1000000 319 512 452 1000000 1000000 516 1000000 1000000 570 872 334 107 1000000 88 1000000 141 390 205 48 124 751 329 1000000 410 730 847 508 1000000 1000000 998 520 707 8 130 641 201 108 755 1000000 957 247 565 971 333 784 1000000 886 479 962 619 49 1000000 400 82 968 1000000 183 410 205 1000000 115 425 1000000 282 390 190 1000000 890 522 0 239 453 896 1000000 693 930 1000000 1000000 
1000000 747 1000000 759 1000000 34 1000000 750 1000000 41 1000000 547 824 1000000 688 943 1000000 675 1000000 233 762 80 1000000 39 24 959 199 1000000 1000000 373 1000000 1000000 111 996 879 652 776 1000000 1000000 38 463 65 573 312 454 688 641 1000000 1000000 1000000 842 1000000 350 107 1000000 1000000 597 1000000 937 504 1000000 284 807 197 399 956 1000000 834 268 1000000 736 419 1000000 1000000 931 772 958 632 304 858 812 152 418 689 243 425 285 1000000 1000000 456 179 351 988 374 820 941 141 567 21 545 839 868 976 116 1000000 620 364 144 18 287 129 1000000 667 1000000 539 841 511 164 657 224 0 992 438 785 478 287 805 1000000 
721 317 869 1000000 1000000 144 1000000 904 1000000 573 696 382 1000000 1000000 1000000 1000000 59 1000000 1000000 521 241 1000000 133 869 215 492 144 1000000 24 591 434 1000000 505 249 1000000 691 646 1000000 643 616 608 368 960 865 61 1000000 496 1000000 802 121 372 1000000 1000000 691 143 990 110 454 1000000 263 851 240 179 763 811 141 887 638 17 87 85 799 824 652 211 214 1000000 1000000 1000000 1000000 934 462 1000000 1000000 997 929 210 686 413 416 1000000 74 1000000 279 382 263 291 911 1000000 127 918 1000000 378 96 537 513 1000000 1000000 125 666 519 899 770 1000000 979 893 539 1000000 1000000 507 406 0 119 1000000 688 756 893 814 
81 1000000 16 116 1000000 208 930 1000000 113 525 357 1000000 369 1000000 1000000 1000000 57 860 509 944 750 283 1000000 1000000 971 505 88 276 687 41 291 1000000 236 898 206 669 48 246 1000000 146 305 1000000 908 786 1000000 91 1000000 1000000 1000000 1000000 1000000 484 392 1000000 205 72 244 1000000 1000000 98 96 842 420 228 122 1000000 1000000 814 1000000 1000000 206 1 631 1000000 930 848 160 840 1000000 1000000 379 166 209 912 532 896 527 1000000 1000000 474 1000000 659 584 1000000 1000000 1000000 1000000 1000000 1000000 335 920 391 1000000 402 356 115 1000000 28 886 961 542 1000000 480 816 1000000 721 1000000 175 69 603 220 241 0 990 765 947 565 518 
1000000 441 1000000 1000000 529 188 233 203 836 246 1000000 1000000 732 689 490 444 613 852 811 1000000 1000000 412 876 535 1000000 938 136 546 796 384 153 630 261 411 339 67 867 669 343 46 439 205 1000000 1000000 471 816 715 1000000 1000000 488 256 1000000 113 813 582 98 1000000 1000000 660 431 610 423 1000000 1000000 1000000 1000000 19 269 665 1000000 867 616 813 791 926 1000000 654 871 28 992 192 1000000 417 80 259 734 790 471 420 1000000 1000000 88 459 770 108 1000000 1000000 3 39 569 535 998 1000000 221 34 1000000 669 1000000 1000000 1000000 324 407 1000000 1000000 1000000 491 1000000 765 586 1000000 442 686 1000000 0 446 881 132 462 
1000000 824 453 610 225 800 288 432 89 1000000 561 768 49 1000000 616 917 392 550 865 783 208 936 306 18 523 136 1000000 1000000 950 21 241 688 230 7 1000000 1000000 211 268 687 1000000 356 453 1000000 1000000 629 420 911 1000000 194 51 168 53 742 1000000 987 1000000 1000000 667 141 1000000 459 1000000 37 553 740 544 519 126 60 759 372 46 584 1000000 366 238 119 1000000 1000000 817 262 13 709 1000000 1000000 736 390 43 286 46 1000000 8 572 652 489 265 609 1000000 248 96 973 461 1000000 731 1000000 348 1000000 841 288 89 707 1000000 1000000 320 798 1000000 1000000 840 1000000 1000000 1000000 1000000 1000000 706 0 734 1000000 912 
151 529 542 878 1000000 331 663 527 1000000 1000000 527 963 1000000 422 1000000 721 34 600 405 1000000 56 708 952 136 341 773 675 357 225 703 136 583 61 561 151 1000000 755 1000000 102 794 53 1000000 1000000 522 390 1000000 1000000 1000000 1000000 1000000 864 526 1000000 1000000 196 808 1000000 547 1000000 1000000 336 216 837 1000000 566 931 910 1000000 1000000 1000000 45 1000000 814 1000000 1000000 264 33 9 1000000 608 777 1000000 1000000 1000000 844 295 896 195 1000000 827 427 771 1000000 425 1000000 804 954 967 623 627 1000000 961 713 266 1000000 1000000 551 1000000 611 1000000 1000000 170 804 526 58 167 188 1000000 208 1000000 1000000 1000000 202 917 109 0 1000000 547 
378 805 108 147 1000000 295 454 1000000 1000000 344 1000000 799 616 493 399 880 1 827 641 359 1000000 539 396 872 716 1000000 86 490 987 209 832 514 1000000 584 369 195 1000000 343 977 159 1000000 566 398 360 226 1000000 735 648 1000000 604 299 1000000 774 833 630 1000000 338 1000000 239 1000000 212 1000000 974 1000000 1000000 171 1000000 885 263 220 859 165 41 136 796 596 246 1000000 1000000 467 1000000 1000000 1000000 693 1000000 348 401 832 648 803 707 1000000 1000000 263 313 359 577 1000000 29 1000000 405 117 12 1000000 1000000 848 1000000 1000000 1000000 1000000 553 1000000 151 1000000 729 1000000 126 1000000 609 216 1000000 1000000 677 1000000 758 28 0 1000000 
1000000 343 830 615 1000000 268 960 753 897 1000000 713 313 1000000 1000000 60 1000000 289 969 48 979 741 58 300 153 755 535 606 834 1000000 1000000 1000000 372 724 131 1000000 223 1000000 962 814 916 379 628 276 1000000 892 998 680 1000000 798 467 898 5 1000000 679 39 416 262 671 338 200 445 243 877 573 81 1000000 109 888 443 1000000 1000000 285 1000000 659 1000000 924 973 763 1000000 582 520 223 807 1000000 274 857 515 475 55 250 1000000 767 301 541 1000000 77 1000000 1000000 789 1000000 243 1000000 361 668 1000000 135 29 126 792 1000000 887 1000000 1000000 831 367 1000000 1000000 190 279 881 1000000 31 678 888 835 603 237 0 
