128
0 0 0 0 0 0 0 0 953 0 0 116 372 343 0 0 0 0 0 991 880 0 683 0 0 0 0 952 0 0 0 0 626 96 0 0 0 0 0 950 0 633 0 0 0 0 0 608 247 0 304 0 0 0 0 303 688 0 0 0 266 0 0 0 0 0 0 0 0 450 200 0 0 0 0 961 0 163 270 903 0 0 0 0 0 600 0 0 0 0 41 0 986 937 0 921 0 0 0 0 0 0 393 0 100 556 0 0 0 0 461 0 0 662 0 652 0 747 532 0 0 0 0 0 0 0 643 0 
0 0 0 397 826 648 0 0 844 0 0 932 0 481 0 216 0 0 0 213 903 0 0 667 0 712 0 0 981 271 0 453 0 0 869 0 0 66 0 0 15 698 0 937 722 0 0 0 0 7 91 722 0 934 114 0 992 0 0 0 14 207 0 299 0 0 938 0 0 923 0 818 0 101 0 716 0 0 0 0 455 0 0 341 0 0 0 0 0 232 0 0 0 0 0 779 0 0 0 0 0 0 0 0 0 760 0 0 929 0 542 0 0 0 770 0 0 0 31 772 0 0 0 624 223 0 0 0 
0 0 0 0 0 256 0 0 0 0 0 910 0 330 0 0 0 0 0 0 0 0 0 0 0 487 0 0 0 0 0 518 0 0 0 0 0 0 0 0 0 0 0 0 707 708 0 0 0 0 0 0 0 274 91 0 0 737 0 0 0 0 0 450 0 0 0 0 0 0 0 420 0 153 0 56 0 0 0 0 0 712 438 0 0 0 0 0 0 0 861 596 0 0 528 0 0 960 0 0 0 0 740 320 0 0 53 0 494 0 0 0 645 0 0 0 0 424 0 781 0 0 841 68 0 0 65 0 
0 397 0 0 0 964 985 0 0 0 747 0 0 0 0 0 0 885 0 0 0 0 0 439 0 0 485 0 101 928 0 913 0 0 645 0 0 22 974 0 0 440 0 0 778 0 0 0 0 147 845 0 0 161 0 63 0 0 0 761 0 0 0 0 0 0 0 0 0 250 0 0 0 0 0 0 0 169 868 0 212 637 0 0 0 912 0 483 0 0 409 0 38 0 0 0 0 0 0 221 0 0 881 0 0 0 0 0 0 0 0 165 244 0 0 0 0 607 0 747 0 457 0 134 471 0 0 0 
0 826 0 0 0 0 0 0 0 0 0 0 0 0 0 0 0 0 0 0 0 0 0 11 435 457 0 0 0 0 0 0 0 861 0 254 796 381 0 0 515 0 0 0 0 0 0 0 0 0 855 0 0 0 0 0 0 0 0 0 0 251 146 0 0 0 0 0 0 0 0 0 0 0 0 102 0 0 0 0 97 0 43 0 0 0 0 0 0 484 0 522 0 0 0 53 777 0 0 802 327 0 966 0 479 0 815 825 970 0 200 0 385 0 0 0 0 0 0 0 0 0 0 788 94 608 0 0 
0 648 256 964 0 0 0 0 0 0 768 54 0 0 196 945 998 0 278 0 0 0 0 117 0 0 0 978 0 0 0 0 552 0 0 849 263 0 0 0 0 744 0 10 0 0 0 921 0 12 0 0 0 0 0 828 672 0 475 0 0 0 782 233 0 0 0 0 0 0 0 0 0 0 0 895 0 794 341 585 0 0 0 0 0 0 0 909 0 282 0 0 0 0 0 0 486 383 0 0 0 0 0 713 745 525 0 0 0 0 0 0 0 0 0 0 180 0 0 531 0 0 0 0 17 702 0 554 
0 0 0 985 0 0 0 66 0 0 0 0 440 0 934 0 0 0 0 617 614 0 449 0 0 0 0 732 0 0 456 0 0 0 0 0 924 0 0 962 536 461 0 0 0 0 0 0 0 751 0 0 0 0 0 242 0 0 0 0 510 0 0 0 0 634 0 445 0 907 0 0 0 566 0 0 726 0 0 0 499 693 0 397 0 0 0 497 0 0 8 0 585 0 63 0 0 0 0 0 707 0 0 743 0 0 842 461 0 0 0 632 515 0 0 0 0 0 0 0 0 0 987 351 0 0 0 0 
0 0 0 0 0 0 66 0 0 0 0 0 0 0 0 0 222 104 0 116 0 0 758 0 0 0 363 0 0 679 929 0 0 442 0 0 0 0 644 0 0 0 0 0 0 0 0 0 0 999 0 0 0 0 0 0 0 0 0 0 0 239 278 0 0 0 0 0 0 0 665 0 317 0 0 0 0 0 0 0 0 677 981 0 0 0 0 0 308 130 0 0 0 61 0 165 0 560 0 187 0 0 0 529 0 0 0 0 391 0 0 0 470 0 0 0 488 0 839 0 0 0 0 0 0 0 260 0 
953 844 0 0 0 0 0 0 0 59 753 917 0 22 540 51 0 0 0 324 0 0 0 0 0 0 0 0 0 0 0 277 0 0 0 0 0 191 0 0 769 0 991 0 0 0 0 0 790 0 0 266 0 0 0 438 0 0 0 874 0 692 76 0 767 0 0 0 0 0 0 0 0 0 0 0 0 0 272 0 0 0 0 0 0 529 0 116 0 0 914 0 157 0 0 0 0 753 0 571 0 785 0 0 504 0 747 953 814 0 0 0 0 0 0 0 5 63 0 0 0 642 95 0 0 240 0 0 
0 0 0 0 0 0 0 0 59 0 0 0 0 553 0 976 281 0 0 0 0 0 0 0 60 0 142 0 0 0 0 0 451 0 605 27 0 0 0 0 0 0 457 0 0 0 740 0 998 0 0 0 0 0 298 272 0 0 816 0 966 0 0 0 0 712 0 0 0 0 352 0 567 294 0 0 307 0 0 632 716 0 0 0 0 763 0 0 998 221 0 0 823 0 343 0 0 0 0 0 0 0 571 0 0 0 0 0 524 0 0 494 0 0 135 174 0 0 151 103 537 0 0 0 386 388 581 0 
0 0 0 747 0 768 0 0 753 0 0 0 0 317 0 17 826 591 0 0 0 0 0 0 309 381 0 0 0 438 291 665 0 0 322 831 0 0 0 0 1 0 0 0 0 0 304 0 260 0 0 197 0 254 0 0 0 0 0 832 615 510 0 876 952 388 0 640 0 0 0 0 898 0 913 0 393 0 0 0 0 756 0 878 0 0 0 345 0 0 0 0 714 0 0 464 124 0 0 0 0 0 0 0 0 0 925 0 484 0 0 0 652 0 0 639 0 0 0 0 0 262 172 0 0 0 0 806 
116 932 910 0 0 54 0 0 917 0 0 0 0 318 222 0 0 0 416 0 0 0 0 0 470 703 0 856 0 33 0 0 0 0 210 0 393 0 0 0 727 204 290 0 0 0 939 0 0 0 0 0 0 0 728 581 0 0 507 0 0 0 0 718 0 671 0 0 0 339 0 278 0 0 257 0 337 0 0 0 0 101 0 0 545 986 961 478 0 0 0 19 0 0 535 0 0 0 0 0 318 0 0 165 0 0 0 0 0 786 983 0 0 0 602 0 0 0 0 0 376 0 0 0 911 0 609 0 
372 0 0 0 0 0 440 0 0 0 0 0 0 0 0 464 416 0 0 0 0 895 0 599 0 0 716 0 46 0 0 0 682 0 0 0 0 0 176 0 304 0 0 0 0 0 93 0 0 853 0 900 854 0 0 0 0 0 0 500 0 0 0 0 278 859 0 0 0 0 497 0 930 0 0 0 0 218 0 64 875 933 989 0 0 0 0 36 566 0 0 302 0 0 0 214 252 0 0 266 0 0 0 645 0 0 0 0 295 0 0 0 0 465 0 740 0 0 0 0 0 884 0 548 137 0 0 0 
343 481 330 0 0 0 0 0 22 553 317 318 0 0 722 0 0 0 830 0 0 0 116 0 0 0 111 312 0 0 0 841 0 0 0 0 0 0 0 918 0 400 0 0 0 0 0 0 0 0 0 0 0 0 0 0 0 0 0 0 0 0 0 0 0 652 442 926 715 0 0 0 983 0 0 0 0 0 0 0 0 0 0 0 0 0 821 618 0 0 0 0 616 599 0 0 725 0 409 0 0 335 0 0 0 0 0 297 511 0 0 0 0 467 0 0 0 0 0 0 73 869 841 461 3 0 0 0 
0 0 0 0 0 196 934 0 540 0 0 222 0 722 0 0 0 0 0 0 0 0 0 0 0 0 0 0 0 517 364 0 0 0 0 0 0 274 0 0 0 0 0 0 0 0 0 0 0 0 0 0 59 0 0 947 214 74 0 791 486 0 0 277 134 0 0 0 691 299 0 0 0 0 0 0 0 0 0 0 0 0 922 0 0 0 0 0 0 728 0 19 121 0 0 892 0 0 0 168 0 0 0 0 0 0 329 404 215 0 0 916 0 0 0 0 831 607 0 0 0 530 0 0 0 952 0 0 
0 216 0 0 0 945 0 0 51 976 17 0 464 0 0 0 0 0 821 0 704 0 407 443 0 0 0 747 759 0 431 0 0 0 65 0 879 0 0 206 0 765 0 944 0 0 0 609 253 0 0 0 0 949 540 0 218 0 140 0 0 0 543 692 0 0 0 0 0 703 424 662 162 0 442 314 0 0 0 0 0 0 563 618 0 0 0 0 0 0 0 0 898 0 0 0 0 5 0 0 138 643 0 0 0 0 318 0 0 0 0 0 0 0 0 0 0 0 898 0 0 0 0 907 0 693 0 0 
0 0 0 0 0 998 0 222 0 281 826 0 416 0 0 0 0 0 0 0 0 0 0 0 0 0 806 476 0 0 0 30 0 0 856 0 787 0 0 0 0 356 0 73 327 0 0 0 0 237 206 0 0 0 0 0 526 825 0 0 0 419 624 0 94 0 549 0 0 0 0 999 464 0 0 0 0 263 517 190 828 0 348 0 0 882 283 0 70 0 0 0 0 0 0 0 243 0 0 0 0 0 0 0 247 0 475 0 0 545 668 964 0 0 0 960 0 0 0 0 920 0 0 957 0 0 0 232 
0 0 0 885 0 0 0 104 0 0 591 0 0 0 0 0 0 0 0 0 0 297 0 0 0 0 0 0 869 0 774 462 0 0 90 0 286 0 558 0 0 0 0 0 0 292 290 0 0 0 0 0 0 0 0 0 0 560 0 0 194 0 0 80 0 662 0 0 0 0 0 0 741 0 915 0 723 0 0 0 0 0 194 0 0 0 0 909 950 0 0 0 261 0 0 0 0 0 0 0 0 0 725 0 382 0 0 0 0 0 438 0 0 0 0 0 0 0 0 0 624 0 0 0 771 881 838 464 
0 0 0 0 0 278 0 0 0 0 0 416 0 830 0 821 0 0 0 253 0 0 0 0 898 0 0 0 771 106 0 0 0 0 0 0 0 0 0 0 0 0 0 795 0 0 0 0 0 310 252 0 831 525 880 521 0 0 0 0 0 0 945 0 0 0 23 0 0 0 0 198 0 0 0 0 603 0 296 0 470 0 448 919 979 0 6 0 0 964 0 0 277 0 0 807 0 784 0 728 0 0 0 0 0 0 217 594 736 0 0 841 0 0 0 301 0 0 0 0 0 0 774 0 0 448 0 0 
991 213 0 0 0 0 617 116 324 0 0 0 0 0 0 0 0 0 253 0 0 0 0 0 284 0 0 0 0 0 561 753 0 910 0 0 0 0 314 353 0 0 0 0 710 0 0 266 0 0 0 0 625 387 0 0 325 0 0 0 0 0 0 0 0 0 0 0 0 0 0 0 0 0 560 0 0 501 0 0 528 0 405 0 78 0 0 0 854 940 76 841 0 470 0 896 938 192 0 0 0 33 263 949 0 0 934 208 872 0 167 0 0 0 0 0 0 0 0 0 0 413 0 957 0 206 0 0 
880 903 0 0 0 0 614 0 0 0 0 0 0 0 0 704 0 0 0 0 0 467 0 0 874 338 0 0 115 0 0 600 0 746 0 0 216 0 78 0 309 0 0 0 968 0 0 0 70 571 264 0 0 0 753 513 200 0 0 0 0 838 159 0 0 238 388 0 250 0 0 0 0 171 0 0 45 0 0 0 733 0 0 97 0 0 0 0 0 0 491 64 0 421 0 843 587 663 0 0 293 0 0 0 0 0 0 0 499 0 0 0 0 777 432 710 0 556 163 0 0 0 0 148 0 0 0 0 
0 0 0 0 0 0 0 0 0 0 0 0 895 0 0 0 0 297 0 0 467 0 0 0 0 0 0 280 0 0 0 366 0 127 0 21 0 281 0 0 0 0 0 0 0 918 0 0 0 0 0 0 0 0 103 0 0 824 0 0 0 302 919 0 0 0 0 0 89 729 0 0 466 0 0 383 0 0 510 0 0 0 213 0 0 0 0 0 0 0 0 0 0 0 161 0 0 0 0 399 0 0 0 0 0 0 422 514 942 777 0 0 0 0 0 0 0 0 0 0 0 0 243 0 0 0 0 311 
683 0 0 0 0 0 449 758 0 0 0 0 0 116 0 407 0 0 0 0 0 0 0 0 0 0 0 0 0 390 0 0 0 0 0 0 0 0 0 0 0 60 719 0 0 326 0 166 812 0 0 0 0 0 0 0 0 0 0 32 0 185 0 49 0 462 0 0 0 0 0 868 864 0 0 0 0 0 0 0 899 367 0 0 0 463 0 0 0 417 311 0 0 0 0 963 150 0 0 0 0 554 0 112 0 0 290 0 0 443 728 0 0 0 0 644 0 0 0 0 0 0 624 0 0 0 0 852 
0 667 0 439 11 117 0 0 0 0 0 0 599 0 0 443 0 0 0 0 0 0 0 0 0 0 0 0 0 0 0 0 0 820 0 361 0 11 751 0 0 0 0 0 0 0 0 968 421 0 0 0 0 0 0 517 0 0 39 0 0 831 0 0 0 0 763 351 528 0 0 615 417 0 0 0 0 0 0 521 265 484 0 0 0 0 0 0 0 0 0 759 0 0 777 0 0 978 941 0 0 0 0 0 0 0 0 0 0 0 0 0 0 0 0 0 0 0 0 0 446 0 765 863 0 0 0 0 
0 0 0 0 435 0 0 0 0 60 309 470 0 0 0 0 0 0 898 284 874 0 0 0 0 86 0 607 0 0 752 251 640 14 852 975 0 249 0 0 0 0 26 0 0 632 188 0 0 89 0 0 749 858 0 0 0 0 0 0 0 257 0 373 0 445 399 0 0 0 33 0 890 0 0 331 0 0 0 0 107 0 873 0 0 0 377 0 0 0 0 0 0 0 0 62 0 0 311 0 699 0 0 501 0 132 0 0 104 0 0 0 0 276 0 0 523 0 0 683 0 431 0 0 0 0 0 332 
0 712 487 0 457 0 0 0 0 0 381 703 0 0 0 0 0 0 0 0 338 0 0 0 86 0 178 0 0 0 0 462 0 0 0 0 0 0 598 0 221 0 0 892 0 0 0 15 0 0 14 300 668 0 366 0 825 0 0 0 72 979 0 0 0 294 0 0 0 0 0 0 0 0 0 0 0 0 0 0 0 0 806 825 231 0 986 288 708 497 0 0 0 168 0 638 0 0 0 223 0 740 586 0 0 0 0 0 0 0 996 318 0 0 0 0 0 0 0 0 0 0 0 736 836 0 15 0 
0 0 0 485 0 0 0 363 0 142 0 0 716 111 0 0 806 0 0 0 0 0 0 0 0 178 0 0 0 0 0 0 0 0 0 0 0 200 267 749 558 203 0 0 0 0 354 0 0 0 0 0 0 0 0 0 198 0 0 353 0 0 564 587 0 509 0 277 0 0 0 0 0 0 0 123 0 0 0 0 676 104 0 746 0 0 854 0 78 0 0 87 0 0 0 0 0 663 0 911 349 0 0 0 0 0 0 149 0 0 0 0 0 356 0 899 0 331 0 876 0 871 0 0 0 0 0 0 
952 0 0 0 0 978 732 0 0 0 0 856 0 312 0 747 476 0 0 0 0 280 0 0 607 0 0 0 849 500 0 0 0 0 493 366 140 0 320 585 0 598 296 657 0 0 0 0 0 0 767 0 0 0 0 0 943 677 0 0 116 0 807 0 765 0 0 0 0 41 0 0 0 0 0 0 0 722 0 0 0 0 0 0 0 0 0 0 821 638 0 0 0 0 427 0 0 0 0 0 711 0 202 821 579 561 0 0 0 984 0 523 0 0 0 0 0 689 0 0 80 0 790 584 0 0 0 191 
0 981 0 101 0 0 0 0 0 0 0 0 46 0 0 759 0 869 771 0 115 0 0 0 0 0 0 849 0 0 321 873 0 0 935 0 0 0 0 0 530 0 873 0 0 0 0 0 0 0 0 0 345 961 0 0 447 0 0 0 0 444 140 0 0 538 0 0 0 0 0 509 0 0 819 497 955 319 0 0 915 79 0 0 957 292 926 0 0 0 0 0 0 0 492 0 0 0 0 492 0 0 0 355 929 403 0 0 0 791 0 0 752 0 0 0 664 0 0 0 0 0 0 46 0 0 0 0 
0 271 0 928 0 0 0 679 0 0 438 33 0 0 517 0 0 0 106 0 0 0 390 0 0 0 0 500 0 0 753 0 0 0 0 0 0 928 0 0 0 0 0 0 523 0 0 0 0 0 449 947 78 370 0 0 0 0 422 0 0 834 0 0 51 0 0 0 458 0 0 949 0 0 0 0 0 0 0 0 0 0 0 0 0 0 0 0 320 0 0 0 608 0 214 0 0 0 0 270 0 353 849 0 194 0 0 0 0 0 205 0 0 214 0 0 0 0 593 0 246 0 0 166 0 0 142 993 
0 0 0 0 0 0 456 929 0 0 291 0 0 0 364 431 0 774 0 561 0 0 0 0 752 0 0 0 321 753 0 0 0 0 199 0 60 0 0 91 246 0 0 0 0 538 162 0 0 322 0 796 94 0 760 591 232 0 0 926 0 0 0 0 0 0 183 0 794 0 0 0 0 0 0 67 850 66 0 0 0 476 0 0 235 0 475 0 0 0 0 0 273 0 250 4 901 0 0 0 0 0 0 0 540 0 0 928 982 956 0 0 0 0 945 0 0 0 0 0 0 0 0 0 0 0 621 0 
0 453 518 913 0 0 0 0 277 0 665 0 0 841 0 0 30 462 0 753 600 366 0 0 251 462 0 0 873 0 0 0 155 181 743 0 0 0 0 0 0 0 0 839 0 810 790 432 215 0 0 0 107 0 0 0 0 0 230 0 635 301 0 0 647 0 0 0 0 0 0 0 0 0 0 713 0 255 0 0 11 0 0 0 0 747 0 0 0 0 0 0 0 0 0 0 0 196 806 0 0 0 0 0 0 0 0 0 0 798 0 0 0 0 801 948 11 0 424 177 0 0 0 0 0 0 0 0 
626 0 0 0 0 552 0 0 0 451 0 0 682 0 0 0 0 0 0 0 0 0 0 0 640 0 0 0 0 0 0 155 0 381 0 0 291 0 0 0 0 0 0 0 0 758 0 419 0 725 0 0 0 319 12 0 0 0 437 0 0 0 0 0 0 219 0 0 0 831 0 0 688 362 0 0 0 0 0 676 0 394 0 21 0 42 0 0 179 0 0 69 0 0 0 0 0 0 276 114 0 0 457 0 0 46 362 0 0 751 0 0 0 484 151 0 0 433 0 0 0 950 436 0 0 0 0 0 
96 0 0 0 861 0 0 442 0 0 0 0 0 0 0 0 0 0 0 910 746 127 0 820 14 0 0 0 0 0 0 181 381 0 661 0 0 0 0 162 0 447 0 0 0 0 0 0 912 0 0 0 232 547 0 0 0 0 19 797 348 0 0 0 926 982 0 0 0 0 0 295 0 0 0 0 0 0 207 0 927 0 136 0 0 401 0 0 0 0 237 0 0 734 0 0 0 0 0 0 342 0 0 0 0 105 0 0 0 87 0 0 0 0 0 0 0 0 0 0 0 0 0 0 0 0 0 0 
0 869 0 645 0 0 0 0 0 605 322 210 0 0 0 65 856 90 0 0 0 0 0 0 852 0 0 493 935 0 199 743 0 661 0 0 0 0 0 0 0 0 0 0 0 266 0 0 0 0 0 641 0 0 0 0 355 0 0 0 0 693 0 0 0 614 103 922 0 99 0 0 65 36 0 964 928 668 0 0 0 0 914 723 267 0 332 465 0 0 0 0 0 544 0 0 0 0 504 0 0 0 0 0 0 0 0 0 0 384 0 0 0 0 307 0 666 0 0 0 582 0 770 0 0 0 0 0 
0 0 0 0 254 849 0 0 0 27 831 0 0 0 0 0 0 0 0 0 0 21 0 361 975 0 0 366 0 0 0 0 0 0 0 0 0 0 875 157 0 0 0 687 0 0 0 0 200 0 0 0 0 0 0 0 698 0 97 418 266 0 0 0 0 0 572 65 0 0 0 0 0 351 0 519 0 841 0 0 0 0 0 0 462 0 911 0 0 994 0 0 979 0 0 0 0 470 0 0 0 553 783 783 0 902 0 81 0 57 77 0 0 121 0 568 23 898 0 394 0 0 0 0 0 0 0 0 
0 0 0 0 796 263 924 0 0 0 0 393 0 0 0 879 787 286 0 0 216 0 0 0 0 0 0 140 0 0 60 0 291 0 0 0 0 0 0 0 0 0 0 0 0 0 0 0 0 0 779 0 193 0 0 0 0 0 0 0 953 10 750 937 0 0 0 141 0 0 0 0 0 0 0 0 0 0 140 0 0 0 0 0 0 0 0 368 232 0 153 0 0 0 814 0 0 0 0 0 695 0 768 0 0 0 0 999 139 0 0 0 0 0 0 0 949 3 0 393 0 0 0 59 0 0 507 0 
0 66 0 22 381 0 0 0 191 0 0 0 0 0 274 0 0 0 0 0 0 281 0 11 249 0 200 0 0 928 0 0 0 0 0 0 0 0 0 0 0 0 887 0 0 0 0 0 0 0 0 152 0 0 0 0 0 431 0 0 0 0 0 666 0 0 0 0 0 0 723 0 469 0 0 334 0 87 0 881 145 0 549 0 409 262 0 0 619 0 0 0 325 15 690 324 0 0 0 0 0 0 791 0 0 0 0 0 0 0 0 0 0 0 530 0 0 725 0 951 0 0 0 0 0 0 0 0 
0 0 0 974 0 0 0 644 0 0 0 0 176 0 0 0 0 558 0 314 78 0 0 751 0 598 267 320 0 0 0 0 0 0 0 875 0 0 0 523 0 995 0 0 0 0 0 0 496 33 34 0 381 713 0 247 407 0 0 977 0 0 0 0 0 851 0 0 0 0 398 790 0 0 379 0 174 471 0 0 0 0 0 33 0 0 334 0 0 0 536 0 0 813 0 0 0 0 0 0 317 0 663 0 329 0 993 0 0 0 0 457 0 0 0 0 0 0 0 0 0 0 813 0 0 0 0 0 
950 0 0 0 0 0 962 0 0 0 0 0 0 918 0 206 0 0 0 353 0 0 0 0 0 0 749 585 0 0 91 0 0 162 0 157 0 0 523 0 545 803 0 0 0 955 0 0 826 485 988 0 710 0 0 0 0 0 0 0 0 0 0 0 712 496 0 547 707 0 0 0 0 0 0 620 0 0 0 192 739 0 0 0 0 0 0 742 324 0 0 607 0 0 263 0 0 89 637 586 289 321 0 434 0 0 810 103 620 0 0 4 0 8 23 0 0 346 0 950 482 150 0 0 930 0 0 0 
0 15 0 0 515 0 536 0 769 0 1 727 304 0 0 0 0 0 0 0 309 0 0 0 0 221 558 0 530 0 246 0 0 0 0 0 0 0 0 545 0 0 0 0 0 0 0 585 0 0 162 0 0 0 0 0 0 0 0 0 513 497 163 0 460 0 0 179 0 59 0 0 0 0 0 999 0 0 0 0 0 822 0 0 0 432 0 0 0 0 791 0 185 0 0 787 34 0 117 0 0 931 870 0 0 0 0 235 0 0 0 0 0 0 334 0 329 0 0 0 0 0 0 0 0 0 36 72 
633 698 0 440 0 744 461 0 0 0 0 204 0 400 0 765 356 0 0 0 0 0 60 0 0 0 203 598 0 0 0 0 0 447 0 0 0 0 995 803 0 0 0 0 0 0 0 0 917 0 0 0 661 0 630 647 0 0 681 692 80 195 0 393 0 0 607 272 978 0 724 0 0 0 0 0 0 0 0 0 0 294 0 0 0 0 0 0 0 0 962 0 0 0 0 176 0 0 788 0 0 404 0 0 0 0 0 0 0 802 0 394 0 0 334 0 485 0 0 0 0 0 0 0 0 372 0 0 
0 0 0 0 0 0 0 0 991 457 0 290 0 0 0 0 0 0 0 0 0 0 719 0 26 0 0 296 873 0 0 0 0 0 0 0 0 887 0 0 0 0 0 0 115 0 11 0 0 0 0 0 0 67 0 0 940 174 0 0 0 0 640 0 0 0 0 0 0 0 528 0 146 0 0 0 0 0 0 427 0 0 0 0 519 0 0 0 0 0 0 0 0 0 238 0 0 0 0 0 0 0 0 0 0 0 0 0 669 0 0 299 0 0 0 0 721 0 0 0 0 0 0 0 0 121 0 0 
0 937 0 0 0 10 0 0 0 0 0 0 0 0 0 944 73 0 795 0 0 0 0 0 0 892 0 657 0 0 0 839 0 0 0 687 0 0 0 0 0 0 0 0 670 0 71 0 0 216 0 0 743 0 0 503 0 0 745 0 0 0 0 0 0 0 926 0 0 0 595 0 0 0 907 0 519 976 0 979 0 0 0 0 506 30 0 0 0 742 0 0 0 0 0 369 520 0 0 0 0 0 0 0 734 0 0 0 0 0 0 0 0 0 0 0 0 0 0 0 429 0 0 0 108 241 17 0 
0 722 707 778 0 0 0 0 0 0 0 0 0 0 0 0 327 0 0 710 968 0 0 0 0 0 0 0 0 523 0 0 0 0 0 0 0 0 0 0 0 0 115 670 0 0 0 964 0 0 440 0 0 0 0 0 686 0 0 793 0 0 728 0 218 193 824 371 0 0 0 680 0 0 0 0 177 0 376 962 0 309 398 903 0 0 0 0 0 0 425 739 0 0 0 0 0 401 135 0 0 0 0 0 0 0 864 585 0 0 0 0 0 0 0 0 0 0 0 0 125 475 795 380 373 9 0 332 
0 0 708 0 0 0 0 0 0 0 0 0 0 0 0 0 0 292 0 0 0 918 326 0 632 0 0 0 0 0 538 810 758 0 266 0 0 0 0 955 0 0 0 0 0 0 0 0 76 0 358 0 947 967 0 0 0 0 985 798 0 0 0 0 0 0 0 0 0 573 0 0 0 0 0 0 412 0 0 384 317 0 870 0 973 742 0 0 0 0 0 390 284 0 0 94 0 0 0 0 0 0 313 0 0 0 0 0 0 0 0 0 0 0 0 0 0 391 0 0 0 0 977 0 844 0 0 579 
0 0 0 0 0 0 0 0 0 740 304 939 93 0 0 0 0 290 0 0 0 0 0 0 188 0 354 0 0 0 162 790 0 0 0 0 0 0 0 0 0 0 11 71 0 0 0 0 0 429 100 0 946 0 110 892 134 306 0 0 0 0 174 0 0 0 0 0 427 0 0 0 0 590 0 0 0 0 0 661 0 0 44 0 0 0 585 0 0 650 0 786 0 0 0 0 267 222 0 134 0 0 0 0 0 0 0 740 0 942 0 553 258 0 0 292 331 0 0 0 0 0 0 0 516 957 82 0 
608 0 0 0 0 921 0 0 0 0 0 0 0 0 0 609 0 0 0 266 0 0 166 968 0 15 0 0 0 0 0 432 419 0 0 0 0 0 0 0 585 0 0 0 964 0 0 0 537 0 0 0 819 0 0 0 0 0 997 0 0 0 0 0 253 0 0 0 0 678 0 0 0 576 700 0 0 0 0 0 295 0 294 0 0 0 0 0 0 0 609 0 256 548 0 0 0 0 0 0 0 0 0 0 0 0 0 0 0 825 0 0 0 0 0 853 0 0 54 0 0 0 858 577 0 0 0 0 
247 0 0 0 0 0 0 0 790 998 260 0 0 0 0 253 0 0 0 0 70 0 812 421 0 0 0 0 0 0 0 215 0 912 0 200 0 0 496 826 0 917 0 0 0 76 0 537 0 0 0 0 0 0 0 0 86 0 0 0 100 756 0 0 0 368 50 0 0 0 0 488 384 504 241 0 581 0 876 0 602 685 379 773 0 41 0 913 574 0 0 0 0 0 0 0 0 516 0 0 290 0 364 0 874 0 0 514 378 0 214 0 0 0 40 15 953 0 0 0 0 370 0 0 710 0 0 0 
0 7 0 147 0 12 751 999 0 0 0 0 853 0 0 0 237 0 310 0 571 0 0 0 89 0 0 0 0 0 322 0 725 0 0 0 0 0 33 485 0 0 0 216 0 0 429 0 0 0 0 0 829 0 263 228 528 0 0 0 773 434 0 137 235 961 0 740 0 0 0 0 0 0 0 0 0 0 0 0 0 0 0 0 0 0 363 19 750 413 0 697 0 0 458 18 626 0 0 0 0 743 350 0 0 0 0 901 0 0 0 0 0 0 0 0 493 711 135 0 0 0 0 0 0 600 0 571 
304 91 0 845 855 0 0 0 0 0 0 0 0 0 0 0 206 0 252 0 264 0 0 0 0 14 0 767 0 449 0 0 0 0 0 0 779 0 34 988 162 0 0 0 440 358 100 0 0 0 0 0 0 0 0 0 0 0 493 0 803 0 0 0 356 199 722 439 0 0 0 910 0 0 0 349 575 0 0 0 0 0 0 948 0 849 910 0 0 0 0 0 0 0 0 0 0 307 0 0 0 0 334 0 0 0 0 0 24 0 307 0 0 0 0 0 0 0 0 0 0 0 0 0 0 0 459 0 
0 722 0 0 0 0 0 0 266 0 197 0 900 0 0 0 0 0 0 0 0 0 0 0 0 300 0 0 0 947 796 0 0 0 641 0 0 152 0 0 0 0 0 0 0 0 0 0 0 0 0 0 0 0 0 0 439 490 0 0 0 0 0 0 0 0 924 0 0 0 0 117 0 689 0 902 812 73 0 0 0 868 0 0 0 0 0 359 0 0 0 0 0 0 0 0 0 0 816 270 574 789 0 0 967 0 184 0 0 0 689 0 0 744 0 65 0 730 0 0 0 491 0 0 0 0 0 0 
0 0 0 0 0 0 0 0 0 0 0 0 854 0 59 0 0 0 831 625 0 0 0 0 749 668 0 0 345 78 94 107 0 232 0 0 193 0 381 710 0 661 0 743 0 947 946 819 0 829 0 0 0 55 0 0 0 561 0 0 0 0 0 386 0 530 0 0 672 112 0 186 0 0 0 299 0 0 831 0 0 0 371 0 0 513 468 808 0 0 0 0 0 795 0 0 0 0 0 0 0 433 0 0 287 0 0 263 939 0 0 0 0 0 0 0 0 0 511 97 0 0 0 421 0 0 905 0 
0 934 274 161 0 0 0 0 0 0 254 0 0 0 0 949 0 0 525 387 0 0 0 0 858 0 0 0 961 370 0 0 319 547 0 0 0 0 713 0 0 0 67 0 0 967 0 0 0 0 0 0 55 0 0 0 0 0 207 214 0 0 0 0 0 0 927 703 182 476 0 0 0 0 782 581 0 0 0 0 0 128 932 0 0 0 431 0 0 80 0 24 255 0 0 0 403 909 0 0 0 0 0 750 0 116 0 48 0 190 0 0 0 0 0 154 0 0 0 0 0 0 882 0 0 0 863 0 
0 114 91 0 0 0 0 0 0 298 0 728 0 0 0 540 0 0 880 0 753 103 0 0 0 366 0 0 0 0 760 0 12 0 0 0 0 0 0 0 0 630 0 0 0 0 110 0 0 263 0 0 0 0 0 0 0 0 400 0 0 666 0 0 835 888 735 179 0 0 0 243 443 101 0 0 993 290 0 0 977 0 0 46 427 706 0 0 0 0 0 0 0 387 738 480 0 0 0 0 458 277 0 304 0 0 0 0 934 0 279 0 728 0 0 0 58 0 0 116 0 869 0 0 0 0 0 0 
303 0 0 63 0 828 242 0 438 272 0 581 0 0 947 0 0 0 521 0 513 0 0 517 0 0 0 0 0 0 591 0 0 0 0 0 0 0 247 0 0 647 0 503 0 0 892 0 0 228 0 0 0 0 0 0 61 0 0 0 120 740 399 0 0 0 0 0 0 0 0 956 0 570 0 0 0 0 0 956 0 0 0 993 440 0 0 0 0 0 0 0 854 840 0 6 0 871 0 0 0 0 0 887 0 913 907 0 0 0 0 209 0 0 0 162 0 0 0 942 611 0 0 0 0 202 0 403 
688 992 0 0 0 672 0 0 0 0 0 0 0 0 214 218 526 0 0 325 200 0 0 0 0 825 198 943 447 0 232 0 0 0 355 698 0 0 407 0 0 0 940 0 686 0 134 0 86 528 0 439 0 0 0 61 0 0 0 133 0 981 0 382 0 0 0 4 0 0 0 653 794 0 58 459 524 0 0 345 933 0 213 0 0 908 69 0 0 0 0 0 149 0 0 407 0 344 0 336 0 24 0 0 0 0 759 0 0 303 791 0 0 0 159 872 0 430 716 0 0 0 716 0 0 0 0 635 
0 0 737 0 0 0 0 0 0 0 0 0 0 0 74 0 825 560 0 0 0 824 0 0 0 0 0 677 0 0 0 0 0 0 0 0 0 431 0 0 0 0 174 0 0 0 306 0 0 0 0 490 561 0 0 0 0 0 323 0 0 821 0 0 83 389 0 0 0 381 0 301 0 0 0 591 0 217 0 0 0 0 0 912 0 255 0 0 665 0 0 0 0 0 0 834 129 0 51 0 942 510 0 0 0 0 472 0 0 0 0 729 70 419 0 552 0 817 0 527 0 854 883 0 368 0 0 0 
0 0 0 0 0 475 0 0 0 816 0 507 0 0 0 140 0 0 0 0 0 0 0 39 0 0 0 0 0 422 0 230 437 19 0 97 0 0 0 0 0 681 0 745 0 985 0 997 0 0 493 0 0 207 400 0 0 323 0 207 0 362 0 0 0 646 974 0 0 0 0 0 0 0 0 471 0 614 330 0 702 0 814 0 0 721 961 0 0 0 317 554 0 0 0 0 0 0 293 498 0 0 0 812 0 0 0 0 207 933 0 0 0 936 0 0 0 0 0 834 298 219 0 0 0 0 0 0 
0 0 0 761 0 0 0 0 874 0 832 0 500 0 791 0 0 0 0 0 0 0 32 0 0 0 353 0 0 0 926 0 0 797 0 418 0 0 977 0 0 692 0 0 793 798 0 0 0 0 0 0 0 214 0 0 133 0 207 0 803 0 0 0 0 418 0 429 518 0 0 0 178 0 0 0 0 758 0 0 0 741 0 824 0 457 0 0 0 0 242 0 0 0 0 0 0 0 281 680 0 810 0 303 0 0 0 776 0 784 0 0 0 72 0 0 626 0 0 0 615 101 0 766 0 218 0 798 
266 14 0 0 0 0 510 0 0 966 615 0 0 0 486 0 0 194 0 0 0 0 0 0 0 72 0 116 0 0 0 635 0 348 0 266 953 0 0 0 513 80 0 0 0 0 0 0 100 773 803 0 0 0 0 120 0 0 0 803 0 0 0 0 0 0 0 0 0 845 296 0 0 0 635 313 0 0 0 0 517 0 712 0 0 994 0 0 838 0 0 857 0 0 0 99 0 746 0 0 373 0 0 801 0 0 0 997 0 0 0 0 219 0 506 0 0 0 0 0 579 0 0 0 928 0 0 869 
0 207 0 0 251 0 0 239 692 0 510 0 0 0 0 0 419 0 0 0 838 302 185 831 257 979 0 0 444 834 0 301 0 0 693 0 10 0 0 0 497 195 0 0 0 0 0 0 756 434 0 0 0 0 666 740 981 821 362 0 0 0 0 0 0 0 0 0 0 0 0 0 0 0 0 949 0 0 0 0 983 397 749 0 930 0 760 582 0 0 0 0 0 0 143 0 0 0 0 0 0 0 247 0 614 0 460 0 0 155 0 461 0 0 0 0 930 0 0 0 0 409 0 0 451 0 0 0 
0 0 0 0 146 782 0 278 76 0 0 0 0 0 0 543 624 0 945 0 159 919 0 0 0 0 564 807 140 0 0 0 0 0 0 0 750 0 0 0 163 0 640 0 728 0 174 0 0 0 0 0 0 0 0 399 0 0 0 0 0 0 0 0 0 400 0 976 0 0 0 909 0 647 0 0 0 822 0 490 0 913 0 28 0 0 0 593 405 0 0 932 0 0 0 594 0 783 0 0 51 873 217 0 149 0 0 0 0 0 0 0 965 0 0 0 0 0 854 166 295 504 156 0 0 0 0 0 
0 299 450 0 0 233 0 0 0 0 876 718 0 0 277 692 0 80 0 0 0 0 49 0 373 0 587 0 0 0 0 0 0 0 0 0 937 666 0 0 0 393 0 0 0 0 0 0 0 137 0 0 386 0 0 0 382 0 0 0 0 0 0 0 0 22 0 0 0 0 150 0 278 62 0 0 0 86 682 346 0 0 0 0 0 93 0 0 0 0 119 0 526 691 0 0 0 0 169 0 0 0 0 0 0 0 0 0 0 457 0 0 0 0 0 311 0 0 0 0 619 0 347 936 0 0 0 0 
0 0 0 0 0 0 0 0 767 0 952 0 278 0 134 0 94 0 0 0 0 0 0 0 0 0 0 765 0 51 0 647 0 926 0 0 0 0 0 712 460 0 0 0 218 0 0 253 0 235 356 0 0 0 835 0 0 83 0 0 0 0 0 0 0 598 0 575 414 989 0 0 0 0 0 0 0 0 0 0 0 0 0 0 0 0 0 0 0 576 0 847 0 0 0 890 0 78 346 691 0 0 0 0 0 645 0 0 0 0 0 0 0 0 59 0 0 0 0 0 385 872 0 0 0 0 0 0 
0 0 0 0 0 0 634 0 0 712 388 671 859 652 0 0 0 662 0 0 238 0 462 0 445 294 509 0 538 0 0 0 219 982 614 0 0 0 851 496 0 0 0 0 193 0 0 0 368 961 199 0 530 0 888 0 0 389 646 418 0 0 400 22 598 0 0 0 644 0 0 0 778 0 102 0 0 0 0 0 0 0 0 0 0 0 0 0 775 433 0 0 800 0 2 913 0 0 0 0 0 385 655 0 0 0 0 212 0 398 0 192 253 0 0 0 179 0 0 0 0 0 482 295 0 0 0 461 
0 938 0 0 0 0 0 0 0 0 0 0 0 442 0 0 549 0 23 0 388 0 0 763 399 0 0 0 0 0 183 0 0 0 103 572 0 0 0 0 0 607 0 926 824 0 0 0 50 0 722 924 0 927 735 0 0 0 974 0 0 0 0 0 0 0 0 0 0 0 28 0 0 0 0 0 882 349 0 51 0 0 0 0 82 0 0 0 0 0 0 0 952 0 0 357 897 664 0 0 0 0 0 0 0 739 0 0 0 70 0 0 0 0 0 0 0 35 0 0 0 169 0 0 0 213 0 0 
0 0 0 0 0 0 445 0 0 0 640 0 0 926 0 0 0 0 0 0 0 0 0 351 0 0 277 0 0 0 0 0 0 0 922 65 141 0 0 547 179 272 0 0 371 0 0 0 0 740 439 0 0 703 179 0 4 0 0 429 0 0 976 0 575 0 0 0 289 947 880 0 0 0 0 0 313 261 0 129 477 0 219 922 215 0 0 372 754 0 0 267 0 0 0 801 594 0 0 0 0 0 0 634 0 0 0 0 0 0 0 387 698 267 0 0 0 893 0 0 0 642 0 886 0 0 387 0 
0 0 0 0 0 0 0 0 0 0 0 0 0 715 691 0 0 0 0 0 250 89 0 528 0 0 0 0 0 458 794 0 0 0 0 0 0 0 0 707 0 978 0 0 0 0 427 0 0 0 0 0 672 182 0 0 0 0 0 518 0 0 0 0 414 644 0 289 0 0 0 374 0 0 0 0 925 0 916 0 0 565 0 0 0 0 92 0 0 428 179 0 376 0 777 0 0 0 0 57 468 704 0 0 588 0 204 525 963 191 666 74 941 0 0 28 0 457 30 0 0 833 358 165 0 0 15 0 
450 923 0 250 0 0 907 0 0 0 0 339 0 0 299 703 0 0 0 0 0 729 0 0 0 0 0 41 0 0 0 0 831 0 99 0 0 0 0 0 59 0 0 0 0 573 0 678 0 0 0 0 112 476 0 0 0 381 0 0 845 0 0 0 989 0 0 947 0 0 796 999 0 0 458 0 489 0 0 0 722 776 0 0 0 228 967 0 290 304 957 432 0 0 0 0 0 0 0 363 75 0 0 0 0 580 0 853 0 0 0 0 308 0 0 0 0 220 0 0 0 266 485 0 0 0 0 421 
200 0 0 0 0 0 0 665 0 352 0 0 497 0 0 424 0 0 0 0 0 0 0 0 33 0 0 0 0 0 0 0 0 0 0 0 0 723 398 0 0 724 528 595 0 0 0 0 0 0 0 0 0 0 0 0 0 0 0 0 296 0 0 150 0 0 28 880 0 796 0 845 510 854 0 0 845 0 0 0 440 0 0 41 0 0 0 0 621 0 102 0 946 0 605 0 0 0 0 788 430 0 0 469 0 138 0 762 896 0 482 671 724 301 0 0 0 0 787 0 807 484 0 0 0 0 438 0 
0 818 420 0 0 0 0 0 0 0 0 278 0 0 0 662 999 0 198 0 0 0 868 615 0 0 0 0 509 949 0 0 0 295 0 0 0 0 790 0 0 0 0 0 680 0 0 0 488 0 910 117 186 0 243 956 653 301 0 0 0 0 909 0 0 0 0 0 374 999 845 0 0 0 0 0 0 0 0 0 541 0 0 0 0 29 0 926 0 98 0 506 0 0 0 0 460 712 0 259 0 0 0 492 0 575 0 0 258 0 440 0 0 0 278 0 0 761 158 0 0 0 0 0 0 170 0 383 
0 0 0 0 0 0 0 317 0 567 898 0 930 983 0 162 464 741 0 0 0 466 864 417 890 0 0 0 0 0 0 0 688 0 65 0 0 469 0 0 0 0 146 0 0 0 0 0 384 0 0 0 0 0 443 0 794 0 0 178 0 0 0 278 0 778 0 0 0 0 510 0 0 56 0 0 0 226 848 0 415 998 473 0 461 0 0 188 0 0 473 748 444 0 535 0 0 922 0 0 0 0 362 947 106 751 0 0 0 991 0 0 0 88 0 0 407 235 0 0 0 0 788 0 0 711 0 0 
0 101 153 0 0 0 566 0 0 294 0 0 0 0 0 0 0 0 0 0 171 0 0 0 0 0 0 0 0 0 0 0 362 0 36 351 0 0 0 0 0 0 0 0 0 0 590 576 504 0 0 689 0 0 101 570 0 0 0 0 0 0 647 62 0 0 0 0 0 0 854 0 56 0 0 0 683 729 819 0 206 0 0 0 0 0 22 427 0 405 0 0 0 0 0 0 567 0 0 223 0 520 0 732 0 0 578 0 0 0 684 0 0 141 0 759 0 70 335 0 521 0 0 0 0 0 0 0 
0 0 0 0 0 0 0 0 0 0 913 257 0 0 0 442 0 915 0 560 0 0 0 0 0 0 0 0 819 0 0 0 0 0 0 0 0 0 379 0 0 0 0 907 0 0 0 700 241 0 0 0 0 782 0 0 58 0 0 0 635 0 0 0 0 102 0 0 0 458 0 0 0 0 0 0 0 0 774 0 0 630 820 84 0 589 0 0 0 0 0 0 0 0 0 28 0 0 0 0 0 0 0 355 0 0 0 0 0 575 0 0 0 0 0 208 0 0 0 0 0 0 0 0 987 0 0 0 
961 716 56 0 102 895 0 0 0 0 0 0 0 0 0 314 0 0 0 0 0 383 0 0 331 0 123 0 497 0 67 713 0 0 964 519 0 334 0 620 999 0 0 0 0 0 0 0 0 0 349 902 299 581 0 0 459 591 471 0 313 949 0 0 0 0 0 0 0 0 0 0 0 0 0 0 0 257 0 787 0 0 821 0 0 254 0 0 0 0 0 0 0 0 0 0 0 0 0 0 758 393 0 0 0 0 0 0 0 0 0 0 0 0 0 0 0 532 0 0 0 367 0 702 0 162 187 240 
0 0 0 0 0 0 726 0 0 307 393 337 0 0 0 0 0 723 603 0 45 0 0 0 0 0 0 0 955 0 850 0 0 0 928 0 0 0 174 0 0 0 0 519 177 412 0 0 581 0 575 812 0 0 993 0 524 0 0 0 0 0 0 0 0 0 882 313 925 489 845 0 0 683 0 0 0 39 0 951 0 0 404 0 6 0 738 0 0 0 0 0 0 251 0 177 0 611 0 0 0 0 617 0 0 0 0 560 0 0 185 0 764 939 0 719 0 0 130 0 0 690 322 136 0 0 0 0 
163 0 0 169 0 794 0 0 0 0 0 0 218 0 0 0 263 0 0 501 0 0 0 0 0 0 0 722 319 0 66 255 0 0 668 841 0 87 471 0 0 0 0 976 0 0 0 0 0 0 0 73 0 0 290 0 0 217 614 758 0 0 822 86 0 0 349 261 0 0 0 0 226 729 0 257 39 0 90 0 0 0 0 0 0 0 0 0 0 0 0 995 0 0 0 0 799 925 364 905 0 828 0 0 0 0 0 0 0 0 0 0 420 0 0 455 0 0 384 0 0 667 0 477 0 840 0 999 
270 0 0 868 0 341 0 0 272 0 0 0 0 0 0 0 517 0 296 0 0 510 0 0 0 0 0 0 0 0 0 0 0 207 0 0 140 0 0 0 0 0 0 0 376 0 0 0 876 0 0 0 831 0 0 0 0 0 330 0 0 0 0 682 0 0 0 0 916 0 0 0 848 819 774 0 0 90 0 561 958 0 0 0 0 158 0 0 0 0 0 0 0 0 582 829 0 256 0 0 47 0 199 194 437 516 0 619 0 0 0 0 545 0 0 824 0 484 0 0 688 630 0 0 0 263 0 0 
903 0 0 0 0 585 0 0 0 632 0 0 64 0 0 0 190 0 0 0 0 0 0 521 0 0 0 0 0 0 0 0 676 0 0 0 0 881 0 192 0 0 427 979 962 384 661 0 0 0 0 0 0 0 0 956 345 0 0 0 0 0 490 346 0 0 51 129 0 0 0 0 0 0 0 787 951 0 561 0 0 0 0 0 0 0 0 0 0 0 0 761 424 0 863 0 0 0 0 826 0 0 0 0 0 0 307 0 244 968 0 812 0 0 283 832 0 644 0 0 539 0 0 0 0 0 250 0 
0 455 0 212 97 0 499 0 0 716 0 0 875 0 0 0 828 0 470 528 733 0 899 265 107 0 676 0 915 0 0 11 0 927 0 0 0 145 0 739 0 0 0 0 0 317 0 295 602 0 0 0 0 0 977 0 933 0 702 0 517 983 0 0 0 0 0 477 0 722 440 541 415 206 0 0 0 0 958 0 0 283 218 0 494 382 59 96 0 573 944 0 0 0 0 0 0 0 0 0 36 0 0 0 453 0 0 0 0 109 576 514 0 0 323 890 0 0 0 249 0 0 0 0 0 727 0 0 
0 0 712 637 0 0 693 677 0 0 756 101 933 0 0 0 0 0 0 0 0 0 367 484 0 0 104 0 79 0 476 0 394 0 0 0 0 0 0 0 822 294 0 0 309 0 0 0 685 0 0 868 0 128 0 0 0 0 0 741 0 397 913 0 0 0 0 0 565 776 0 0 998 0 630 0 0 0 0 0 283 0 0 0 964 0 0 987 0 0 191 0 0 0 560 788 409 233 0 0 181 0 758 0 348 0 0 0 0 0 0 494 867 0 0 0 0 0 0 0 0 0 523 856 0 0 0 474 
0 0 438 0 43 0 0 981 0 0 0 0 989 0 922 563 348 194 448 405 0 213 0 0 873 806 0 0 0 0 0 0 0 136 914 0 0 549 0 0 0 0 0 0 398 870 44 294 379 0 0 0 371 932 0 0 213 0 814 0 712 749 0 0 0 0 0 219 0 0 0 0 473 0 820 821 404 0 0 0 218 0 0 0 25 0 0 365 0 879 0 346 0 0 0 0 175 972 0 203 995 0 0 0 707 0 87 0 0 0 0 0 0 0 754 0 0 0 0 0 136 471 0 0 0 193 0 19 
0 341 0 0 0 0 397 0 0 0 878 0 0 0 0 618 0 0 919 0 97 0 0 0 0 825 746 0 0 0 0 0 21 0 723 0 0 0 33 0 0 0 0 0 903 0 0 0 773 0 948 0 0 0 46 993 0 912 0 824 0 0 28 0 0 0 0 922 0 0 41 0 0 0 84 0 0 0 0 0 0 0 0 0 814 670 801 0 804 0 0 0 0 462 0 0 0 23 888 156 0 724 456 49 0 0 0 757 0 0 0 0 920 0 0 556 396 484 0 0 0 0 0 0 0 0 387 871 
0 0 0 0 0 0 0 0 0 0 0 545 0 0 0 0 0 0 979 78 0 0 0 0 0 231 0 0 957 0 235 0 0 0 267 462 0 409 0 0 0 0 519 506 0 973 0 0 0 0 0 0 0 0 427 440 0 0 0 0 0 930 0 0 0 0 82 215 0 0 0 0 461 0 0 0 6 0 0 0 494 964 25 814 0 0 0 0 433 50 0 0 358 0 0 0 198 0 0 0 0 0 396 0 642 0 0 0 0 0 0 0 0 0 226 0 0 990 819 0 219 966 745 0 425 0 0 0 
600 0 0 912 0 0 0 0 529 763 0 986 0 0 0 0 882 0 0 0 0 0 463 0 0 0 0 0 292 0 0 747 42 401 0 0 0 262 0 0 432 0 0 30 0 742 0 0 41 0 849 0 513 0 706 0 908 255 721 457 994 0 0 93 0 0 0 0 0 228 0 29 0 0 589 254 0 0 158 0 382 0 0 670 0 0 0 0 0 114 0 0 0 0 0 0 651 878 0 0 0 0 0 731 551 0 0 0 0 7 0 589 0 128 0 406 0 563 0 0 0 0 556 0 308 0 198 0 
0 0 0 0 0 0 0 0 0 0 0 961 0 821 0 0 283 0 6 0 0 0 0 0 377 986 854 0 926 0 475 0 0 0 332 911 0 0 334 0 0 0 0 0 0 0 585 0 0 363 910 0 468 431 0 0 69 0 961 0 0 760 0 0 0 0 0 0 92 967 0 0 0 22 0 0 738 0 0 0 59 0 0 801 0 0 0 0 4 237 0 0 0 0 0 0 0 0 522 0 0 292 98 0 0 0 783 0 0 414 0 331 692 292 0 0 799 0 815 0 468 0 841 478 0 177 0 645 
0 0 0 483 0 909 497 0 116 0 345 478 36 618 0 0 0 909 0 0 0 0 0 0 0 288 0 0 0 0 0 0 0 0 465 0 368 0 0 742 0 0 0 0 0 0 0 0 913 19 0 359 808 0 0 0 0 0 0 0 0 582 593 0 0 0 0 372 0 0 0 926 188 427 0 0 0 0 0 0 96 987 365 0 0 0 0 0 0 0 0 0 0 0 0 0 0 825 0 0 0 450 0 0 0 0 0 0 0 0 342 807 0 0 582 0 0 793 0 0 0 768 357 556 0 968 0 192 
0 0 0 0 0 0 0 308 0 998 0 0 566 0 0 0 70 950 0 854 0 0 0 0 0 708 78 821 0 320 0 0 179 0 0 0 232 619 0 324 0 0 0 0 0 0 0 0 574 750 0 0 0 0 0 0 0 665 0 0 838 0 405 0 0 775 0 754 0 290 621 0 0 0 0 0 0 0 0 0 0 0 0 804 433 0 4 0 0 0 0 0 3 0 0 0 0 0 0 358 0 0 345 0 938 233 335 0 0 0 0 372 0 60 0 0 0 0 0 969 0 0 0 0 0 0 0 0 
0 232 0 0 484 282 0 130 0 221 0 0 0 0 728 0 0 0 964 940 0 0 417 0 0 497 0 638 0 0 0 0 0 0 0 994 0 0 0 0 0 0 0 742 0 0 650 0 0 413 0 0 0 80 0 0 0 0 0 0 0 0 0 0 576 433 0 0 428 304 0 98 0 405 0 0 0 0 0 0 573 0 879 0 50 114 237 0 0 0 0 0 134 0 488 0 965 0 0 0 0 107 793 0 442 0 0 0 0 944 967 288 0 0 0 0 405 0 718 625 0 0 0 0 0 0 0 915 
41 0 861 409 0 0 8 0 914 0 0 0 0 0 0 0 0 0 0 76 491 0 311 0 0 0 0 0 0 0 0 0 0 237 0 0 153 0 536 0 791 962 0 0 425 0 0 609 0 0 0 0 0 0 0 0 0 0 317 242 0 0 0 119 0 0 0 0 179 957 102 0 473 0 0 0 0 0 0 0 944 191 0 0 0 0 0 0 0 0 0 0 555 0 0 0 0 0 643 0 377 0 0 0 335 759 0 0 0 0 0 0 193 743 573 0 0 0 0 266 0 0 0 797 0 0 0 452 
0 0 596 0 522 0 0 0 0 0 0 19 302 0 19 0 0 0 0 841 64 0 0 759 0 0 87 0 0 0 0 0 69 0 0 0 0 0 0 607 0 0 0 0 739 390 786 0 0 697 0 0 0 24 0 0 0 0 554 0 857 0 932 0 847 0 0 267 0 432 0 506 748 0 0 0 0 995 0 761 0 0 346 0 0 0 0 0 0 0 0 0 0 0 985 0 92 0 0 0 864 0 0 381 340 353 0 0 0 286 166 0 709 0 0 0 681 742 0 232 750 189 77 0 550 0 680 239 
986 0 0 38 0 0 585 0 157 823 714 0 0 616 121 898 0 261 277 0 0 0 0 0 0 0 0 0 0 608 273 0 0 0 0 979 0 325 0 0 185 0 0 0 0 284 0 256 0 0 0 0 0 255 0 854 149 0 0 0 0 0 0 526 0 800 952 0 376 0 946 0 444 0 0 0 0 0 0 424 0 0 0 0 358 0 0 0 3 134 555 0 0 0 0 0 0 0 0 0 632 0 0 23 0 0 0 0 708 759 660 0 0 0 481 0 0 660 0 0 0 0 27 0 0 327 0 619 
937 0 0 0 0 0 0 61 0 0 0 0 0 599 0 0 0 0 0 470 421 0 0 0 0 168 0 0 0 0 0 0 0 734 544 0 0 15 813 0 0 0 0 0 0 0 0 548 0 0 0 0 795 0 387 840 0 0 0 0 0 0 0 691 0 0 0 0 0 0 0 0 0 0 0 0 251 0 0 0 0 0 0 462 0 0 0 0 0 0 0 0 0 0 0 0 0 0 712 295 0 0 174 415 0 0 337 0 0 521 0 0 147 0 0 0 0 0 0 0 0 0 0 0 0 535 0 0 
0 0 528 0 0 0 63 0 0 343 0 535 0 0 0 0 0 0 0 0 0 161 0 777 0 0 0 427 492 214 250 0 0 0 0 0 814 690 0 263 0 0 238 0 0 0 0 0 0 458 0 0 0 0 738 0 0 0 0 0 0 143 0 0 0 2 0 0 777 0 605 0 535 0 0 0 0 0 582 863 0 560 0 0 0 0 0 0 0 488 0 985 0 0 0 0 0 0 0 417 388 226 335 0 0 0 73 0 0 236 68 0 0 0 82 0 0 987 0 87 0 0 443 546 791 0 0 0 
921 779 0 0 53 0 0 165 0 0 464 0 214 0 892 0 0 0 807 896 843 0 963 0 62 638 0 0 0 0 4 0 0 0 0 0 0 324 0 0 787 176 0 369 0 94 0 0 0 18 0 0 0 0 480 6 407 834 0 0 99 0 594 0 890 913 357 801 0 0 0 0 0 0 28 0 177 0 829 0 0 788 0 0 0 0 0 0 0 0 0 0 0 0 0 0 0 0 0 0 213 0 0 654 295 85 503 0 0 0 0 0 684 0 0 0 0 0 509 0 915 0 0 0 0 0 0 0 
0 0 0 0 777 486 0 0 0 0 124 0 252 725 0 0 243 0 0 938 587 0 150 0 0 0 0 0 0 0 901 0 0 0 0 0 0 0 0 0 34 0 0 520 0 0 267 0 0 626 0 0 0 403 0 0 0 129 0 0 0 0 0 0 0 0 897 594 0 0 0 460 0 567 0 0 0 799 0 0 0 409 175 0 198 651 0 0 0 965 0 92 0 0 0 0 0 0 53 0 743 0 0 0 0 42 592 0 0 159 0 0 0 641 0 0 838 285 204 0 0 0 118 0 0 0 0 446 
0 0 960 0 0 383 0 560 753 0 0 0 0 0 0 5 0 0 784 192 663 0 0 978 0 0 663 0 0 0 0 196 0 0 0 470 0 0 0 89 0 0 0 0 401 0 222 0 516 0 307 0 0 909 0 871 344 0 0 0 746 0 783 0 78 0 664 0 0 0 0 712 922 0 0 0 611 925 256 0 0 233 972 23 0 878 0 825 0 0 0 0 0 0 0 0 0 0 287 577 0 0 0 0 0 0 0 640 0 0 0 0 0 0 0 0 826 633 0 793 0 866 0 0 0 0 803 0 
0 0 0 0 0 0 0 0 0 0 0 0 0 409 0 0 0 0 0 0 0 0 0 941 311 0 0 0 0 0 0 806 276 0 504 0 0 0 0 637 117 788 0 0 135 0 0 0 0 0 0 816 0 0 0 0 0 51 293 281 0 0 0 169 346 0 0 0 0 0 0 0 0 0 0 0 0 364 0 0 0 0 0 888 0 0 522 0 0 0 643 0 0 712 0 0 53 287 0 0 0 0 0 80 0 48 931 2 0 0 0 0 98 189 0 0 0 0 188 653 0 0 48 0 661 325 0 0 
0 0 0 221 802 0 0 187 571 0 0 0 266 0 168 0 0 0 728 0 0 399 0 0 0 223 911 0 492 270 0 0 114 0 0 0 0 0 0 586 0 0 0 0 0 0 134 0 0 0 0 270 0 0 0 0 336 0 498 680 0 0 0 0 691 0 0 0 57 363 788 259 0 223 0 0 0 905 0 826 0 0 203 156 0 0 0 0 358 0 0 0 0 295 417 0 0 577 0 0 0 262 0 0 0 925 0 0 623 0 0 0 804 0 0 0 153 0 0 0 925 118 32 752 530 0 0 4 
0 0 0 0 327 0 707 0 0 0 0 318 0 0 0 138 0 0 0 0 293 0 0 0 699 0 349 711 0 0 0 0 0 342 0 0 695 0 317 289 0 0 0 0 0 0 0 0 290 0 0 574 0 0 458 0 0 942 0 0 373 0 51 0 0 0 0 0 468 75 430 0 0 0 0 758 0 0 47 0 36 181 995 0 0 0 0 0 0 0 377 864 632 0 388 213 743 0 0 0 0 97 0 0 0 0 185 0 0 0 0 0 0 0 249 729 0 0 0 0 0 0 90 0 0 0 0 0 
0 0 0 0 0 0 0 0 785 0 0 0 0 335 0 643 0 0 0 33 0 0 554 0 0 740 0 0 0 353 0 0 0 0 0 553 0 0 0 321 931 404 0 0 0 0 0 0 0 743 0 789 433 0 277 0 24 510 0 810 0 0 873 0 0 385 0 0 704 0 0 0 0 520 0 393 0 828 0 0 0 0 0 724 0 0 292 450 0 107 0 0 0 0 226 0 0 0 0 262 97 0 0 0 998 0 0 0 106 981 0 0 0 561 0 0 192 0 0 0 0 0 503 0 0 0 0 0 
393 0 740 881 966 0 0 0 0 571 0 0 0 0 0 0 0 725 0 263 0 0 0 0 0 586 0 202 0 849 0 0 457 0 0 783 768 791 663 0 870 0 0 0 0 313 0 0 364 350 334 0 0 0 0 0 0 0 0 0 0 247 217 0 0 655 0 0 0 0 0 0 362 0 0 0 617 0 199 0 0 758 0 456 396 0 98 0 345 793 0 0 0 174 335 0 0 0 0 0 0 0 0 0 0 863 0 0 376 456 433 0 0 0 0 0 0 605 0 850 0 0 0 0 858 0 437 190 
0 0 320 0 0 713 743 529 0 0 0 165 645 0 0 0 0 0 0 949 0 0 112 0 501 0 0 821 355 0 0 0 0 0 0 783 0 0 0 434 0 0 0 0 0 0 0 0 0 0 0 0 0 750 304 887 0 0 812 303 801 0 0 0 0 0 0 634 0 0 469 492 947 732 355 0 0 0 194 0 0 0 0 49 0 731 0 0 0 0 0 381 23 415 0 654 0 0 80 0 0 0 0 0 975 0 420 0 0 0 0 0 0 176 0 5 0 0 0 283 0 0 0 0 0 0 0 632 
100 0 0 0 479 745 0 0 504 0 0 0 0 0 0 0 247 382 0 0 0 0 0 0 0 0 0 579 929 194 540 0 0 0 0 0 0 0 329 0 0 0 0 734 0 0 0 0 874 0 0 967 287 0 0 0 0 0 0 0 0 614 149 0 0 0 0 0 588 0 0 0 106 0 0 0 0 0 437 0 453 348 707 0 642 551 0 0 938 442 335 340 0 0 0 295 0 0 0 0 0 998 0 975 0 0 0 0 0 0 224 0 946 0 0 0 0 0 265 0 0 0 0 0 0 776 0 0 
556 760 0 0 0 525 0 0 0 0 0 0 0 0 0 0 0 0 0 0 0 0 0 0 132 0 0 561 403 0 0 0 46 105 0 902 0 0 0 0 0 0 0 0 0 0 0 0 0 0 0 0 0 116 0 913 0 0 0 0 0 0 0 0 645 0 739 0 0 580 138 575 751 0 0 0 0 0 516 0 0 0 0 0 0 0 0 0 233 0 759 353 0 0 0 85 42 0 48 925 0 0 863 0 0 0 0 0 0 0 710 0 0 0 0 0 0 0 0 0 0 0 967 0 0 0 0 532 
0 0 53 0 815 0 842 0 747 0 925 0 0 0 329 318 475 0 217 934 0 422 290 0 0 0 0 0 0 0 0 0 362 0 0 0 0 0 993 810 0 0 0 0 864 0 0 0 0 0 0 184 0 0 0 907 759 472 0 0 0 460 0 0 0 0 0 0 204 0 0 0 0 578 0 0 0 0 0 307 0 0 87 0 0 0 783 0 335 0 0 0 0 337 73 503 592 0 931 0 185 0 0 420 0 0 0 0 0 0 0 344 1 983 0 0 0 0 115 0 0 465 827 0 0 0 0 0 
0 0 0 0 825 0 461 0 953 0 0 0 0 297 404 0 0 0 594 208 0 514 0 0 0 0 149 0 0 0 928 0 0 0 0 81 999 0 0 103 235 0 0 0 585 0 740 0 514 901 0 0 263 48 0 0 0 0 0 776 997 0 0 0 0 212 0 0 525 853 762 0 0 0 0 0 560 0 619 0 0 0 0 757 0 0 0 0 0 0 0 0 0 0 0 0 0 640 2 0 0 0 0 0 0 0 0 0 0 0 0 0 0 0 0 818 0 739 0 367 0 0 0 0 8 0 0 0 
0 929 494 0 970 0 0 391 814 524 484 0 295 511 215 0 0 0 736 872 499 942 0 0 104 0 0 0 0 0 982 0 0 0 0 0 139 0 0 620 0 0 669 0 0 0 0 0 378 0 24 0 939 0 934 0 0 0 207 0 0 0 0 0 0 0 0 0 963 0 896 258 0 0 0 0 0 0 0 244 0 0 0 0 0 0 0 0 0 0 0 0 708 0 0 0 0 0 0 623 0 106 376 0 0 0 0 0 0 0 0 0 0 0 176 0 0 0 0 0 0 0 0 0 0 0 44 0 
0 0 0 0 0 0 0 0 0 0 0 786 0 0 0 0 545 0 0 0 0 777 443 0 0 0 0 984 791 0 956 798 751 87 384 57 0 0 0 0 0 802 0 0 0 0 942 825 0 0 0 0 0 190 0 0 303 0 933 784 0 155 0 457 0 398 70 0 191 0 0 0 991 0 575 0 0 0 0 968 109 0 0 0 0 7 414 0 0 944 0 286 759 521 236 0 159 0 0 0 0 981 456 0 0 0 0 0 0 0 0 0 0 0 0 0 0 0 465 0 939 11 0 0 0 83 0 264 
461 542 0 0 200 0 0 0 0 0 0 983 0 0 0 0 668 438 0 167 0 0 728 0 0 996 0 0 0 205 0 0 0 0 0 77 0 0 0 0 0 0 0 0 0 0 0 0 214 0 307 689 0 0 279 0 791 0 0 0 0 0 0 0 0 0 0 0 666 0 482 440 0 684 0 0 185 0 0 0 576 0 0 0 0 0 0 342 0 967 0 166 660 0 68 0 0 0 0 0 0 0 433 0 224 710 0 0 0 0 0 736 0 980 0 0 0 0 0 0 0 742 0 882 0 0 0 600 
0 0 0 165 0 0 632 0 0 494 0 0 0 0 916 0 964 0 841 0 0 0 0 0 0 318 0 523 0 0 0 0 0 0 0 0 0 0 457 4 0 394 299 0 0 0 553 0 0 0 0 0 0 0 0 209 0 729 0 0 0 461 0 0 0 192 0 387 74 0 671 0 0 0 0 0 0 0 0 812 514 494 0 0 0 589 331 807 372 288 0 0 0 0 0 0 0 0 0 0 0 0 0 0 0 0 344 0 0 0 736 0 0 837 397 488 0 0 290 356 447 0 613 0 0 0 721 408 
0 0 645 244 385 0 515 470 0 0 652 0 0 0 0 0 0 0 0 0 0 0 0 0 0 0 0 0 752 0 0 0 0 0 0 0 0 0 0 0 0 0 0 0 0 0 258 0 0 0 0 0 0 0 728 0 0 70 0 0 219 0 965 0 0 253 0 698 941 308 724 0 0 0 0 0 764 420 545 0 0 867 0 920 0 0 692 0 0 0 193 709 0 147 0 684 0 0 98 804 0 0 0 0 946 0 1 0 0 0 0 0 0 932 910 822 701 0 0 41 0 0 0 274 35 749 0 0 
662 0 0 0 0 0 0 0 0 0 0 0 465 467 0 0 0 0 0 0 777 0 0 0 276 0 356 0 0 214 0 0 484 0 0 121 0 0 0 8 0 0 0 0 0 0 0 0 0 0 0 744 0 0 0 0 0 419 936 72 0 0 0 0 0 0 0 267 0 0 301 0 88 141 0 0 939 0 0 0 0 0 0 0 0 128 292 0 60 0 743 0 0 0 0 0 641 0 189 0 0 561 0 176 0 0 983 0 0 0 980 837 932 0 0 399 0 727 774 999 819 0 0 0 652 0 0 0 
0 770 0 0 0 0 0 0 0 135 0 602 0 0 0 0 0 0 0 0 432 0 0 0 0 0 0 0 0 0 945 801 151 0 307 0 0 530 0 23 334 334 0 0 0 0 0 0 40 0 0 0 0 0 0 0 159 0 0 0 506 0 0 0 59 0 0 0 0 0 0 278 0 0 0 0 0 0 0 283 323 0 754 0 226 0 0 582 0 0 573 0 481 0 82 0 0 0 0 0 249 0 0 0 0 0 0 0 176 0 0 397 910 0 0 0 0 0 576 0 0 895 0 0 694 604 0 0 
652 0 0 0 0 0 0 0 0 174 639 0 740 0 0 0 960 0 301 0 710 0 644 0 0 0 899 0 0 0 0 948 0 0 0 568 0 0 0 0 0 0 0 0 0 0 292 853 15 0 0 65 0 154 0 162 872 552 0 0 0 0 0 311 0 0 0 0 28 0 0 0 0 759 208 0 719 455 824 832 890 0 0 556 0 406 0 0 0 0 0 0 0 0 0 0 0 0 0 0 729 0 0 5 0 0 0 818 0 0 0 488 822 399 0 0 0 0 0 0 0 182 0 0 0 0 0 0 
0 0 0 0 0 180 0 488 5 0 0 0 0 0 831 0 0 0 0 0 0 0 0 0 523 0 0 0 664 0 0 11 0 0 666 23 949 0 0 0 329 485 721 0 0 0 331 0 953 493 0 0 0 0 58 0 0 0 0 626 0 930 0 0 0 179 0 0 0 0 0 0 407 0 0 0 0 0 0 0 0 0 0 396 0 0 799 0 0 405 0 681 0 0 0 0 838 826 0 153 0 192 0 0 0 0 0 0 0 0 0 0 701 0 0 0 0 0 437 0 0 822 0 0 0 0 760 0 
747 0 424 607 0 0 0 0 63 0 0 0 0 0 607 0 0 0 0 0 556 0 0 0 0 0 331 689 0 0 0 0 433 0 0 898 3 725 0 346 0 0 0 0 0 391 0 0 0 711 0 730 0 0 0 0 430 817 0 0 0 0 0 0 0 0 35 893 457 220 0 761 235 70 0 532 0 0 484 644 0 0 0 484 990 563 0 793 0 0 0 742 660 0 987 0 285 633 0 0 0 0 605 0 0 0 0 739 0 0 0 0 0 727 0 0 0 0 0 0 0 555 0 0 0 382 609 0 
532 31 0 0 0 0 0 839 0 151 0 0 0 0 0 898 0 0 0 0 163 0 0 0 0 0 0 0 0 593 0 424 0 0 0 0 0 0 0 0 0 0 0 0 0 0 0 54 0 135 0 0 511 0 0 0 716 0 0 0 0 0 854 0 0 0 0 0 30 0 787 158 0 335 0 0 130 384 0 0 0 0 0 0 819 0 815 0 0 718 0 0 0 0 0 509 204 0 188 0 0 0 0 0 265 0 115 0 0 465 0 290 0 774 576 0 437 0 0 0 0 0 11 555 85 525 0 54 
0 772 781 747 0 531 0 0 0 103 0 0 0 0 0 0 0 0 0 0 0 0 0 0 683 0 876 0 0 0 0 177 0 0 0 394 393 951 0 950 0 0 0 0 0 0 0 0 0 0 0 0 97 0 116 942 0 527 834 0 0 0 166 0 0 0 0 0 0 0 0 0 0 0 0 0 0 0 0 0 249 0 0 0 0 0 0 0 969 625 266 232 0 0 87 0 0 793 653 0 0 0 850 283 0 0 0 367 0 0 0 356 41 999 0 0 0 0 0 0 0 0 0 0 533 610 0 951 
0 0 0 0 0 0 0 0 0 537 0 376 0 73 0 0 920 624 0 0 0 0 0 446 0 0 0 80 0 246 0 0 0 0 582 0 0 0 0 482 0 0 0 429 125 0 0 0 0 0 0 0 0 0 0 611 0 0 298 615 579 0 295 619 385 0 0 0 0 0 807 0 0 521 0 0 0 0 688 539 0 0 136 0 219 0 468 0 0 0 0 750 0 0 0 915 0 0 0 925 0 0 0 0 0 0 0 0 0 939 0 447 0 819 0 0 0 0 0 0 0 0 0 0 47 0 143 0 
0 0 0 457 0 0 0 0 642 0 262 0 884 869 530 0 0 0 0 413 0 0 0 0 431 0 871 0 0 0 0 0 950 0 0 0 0 0 0 150 0 0 0 0 475 0 0 0 370 0 0 491 0 0 869 0 0 854 219 101 0 409 504 0 872 0 169 642 833 266 484 0 0 0 0 367 690 667 630 0 0 0 471 0 966 0 0 768 0 0 0 189 0 0 0 0 0 866 0 118 0 0 0 0 0 0 465 0 0 11 742 0 0 0 895 182 822 555 0 0 0 0 0 0 0 177 0 0 
0 0 841 0 0 0 987 0 95 0 172 0 0 841 0 0 0 0 774 0 0 243 624 765 0 0 0 790 0 0 0 0 436 0 770 0 0 0 813 0 0 0 0 0 795 977 0 858 0 0 0 0 0 882 0 0 716 883 0 0 0 0 156 347 0 482 0 0 358 485 0 0 788 0 0 0 322 0 0 0 0 523 0 0 745 556 841 357 0 0 0 77 27 0 443 0 118 0 48 32 90 503 0 0 0 967 827 0 0 0 0 613 0 0 0 0 0 0 11 0 0 0 0 0 0 0 0 0 
0 624 68 134 788 0 351 0 0 0 0 0 548 461 0 907 957 0 0 957 148 0 0 863 0 736 0 584 46 166 0 0 0 0 0 0 59 0 0 0 0 0 0 0 380 0 0 577 0 0 0 0 421 0 0 0 0 0 0 766 0 0 0 936 0 295 0 886 165 0 0 0 0 0 0 702 136 477 0 0 0 856 0 0 0 0 478 556 0 0 797 0 0 0 546 0 0 0 0 752 0 0 0 0 0 0 0 0 0 0 882 0 274 0 0 0 0 0 555 0 0 0 0 0 0 0 0 925 
0 223 0 471 94 17 0 0 0 386 0 911 137 3 0 0 0 771 0 0 0 0 0 0 0 836 0 0 0 0 0 0 0 0 0 0 0 0 0 930 0 0 0 108 373 844 516 0 710 0 0 0 0 0 0 0 0 368 0 0 928 451 0 0 0 0 0 0 0 0 0 0 0 0 987 0 0 0 0 0 0 0 0 0 425 308 0 0 0 0 0 550 0 0 791 0 0 0 661 530 0 0 858 0 0 0 0 8 0 0 0 0 35 652 694 0 0 0 85 533 47 0 0 0 0 472 0 276 
0 0 0 0 608 702 0 0 240 388 0 0 0 0 952 693 0 881 448 206 0 0 0 0 0 0 0 0 0 0 0 0 0 0 0 0 0 0 0 0 0 372 121 241 9 0 957 0 0 600 0 0 0 0 0 202 0 0 0 218 0 0 0 0 0 0 213 0 0 0 0 170 711 0 0 162 0 840 263 0 727 0 193 0 0 0 177 968 0 0 0 0 327 535 0 0 0 0 325 0 0 0 0 0 776 0 0 0 0 83 0 0 749 0 604 0 0 382 525 610 0 177 0 0 472 0 225 0 
643 0 65 0 0 0 0 260 0 581 0 609 0 0 0 0 0 838 0 0 0 0 0 0 0 15 0 0 0 142 621 0 0 0 0 0 507 0 0 0 36 0 0 17 0 0 82 0 0 0 459 0 905 863 0 0 0 0 0 0 0 0 0 0 0 0 0 387 15 0 438 0 0 0 0 187 0 0 0 250 0 0 0 387 0 198 0 0 0 0 0 680 0 0 0 0 0 803 0 0 0 0 437 0 0 0 0 0 44 0 0 721 0 0 0 0 760 609 0 0 143 0 0 0 0 225 0 239 
0 0 0 0 0 554 0 0 0 0 806 0 0 0 0 0 232 464 0 0 0 311 852 0 332 0 0 191 0 993 0 0 0 0 0 0 0 0 0 0 72 0 0 0 332 579 0 0 0 571 0 0 0 0 0 403 635 0 0 798 869 0 0 0 0 461 0 0 0 421 0 383 0 0 0 240 0 999 0 0 0 474 19 871 0 0 645 192 0 915 452 239 619 0 0 0 446 0 0 4 0 0 190 632 0 532 0 0 0 264 600 408 0 0 0 0 0 0 54 951 0 0 0 925 276 0 239 0 
