32
0 44 0 0 0 0 398 632 0 0 204 217 0 0 0 0 0 93 0 809 194 0 0 662 0 608 0 959 0 104 960 0 
44 0 0 0 0 0 657 0 416 0 800 34 359 0 0 635 0 935 0 0 0 0 668 957 0 0 0 0 0 0 447 0 
0 0 0 0 937 0 62 303 0 0 175 0 0 0 0 212 441 957 989 0 0 854 0 0 0 469 0 0 0 0 528 861 
0 0 0 0 868 602 791 466 273 0 0 202 0 0 0 0 0 209 0 0 0 432 687 789 647 0 251 30 299 280 679 0 
0 0 937 868 0 524 0 0 270 799 818 996 414 0 77 0 0 0 0 375 0 279 0 933 255 0 0 0 819 468 872 647 
0 0 0 602 524 0 0 0 986 907 450 859 457 0 0 0 0 154 0 880 479 11 168 165 0 387 0 0 851 223 0 310 
398 657 62 791 0 0 0 0 196 343 902 0 0 701 115 0 0 899 0 0 816 0 486 920 797 872 0 0 364 0 0 0 
632 0 303 466 0 0 0 0 0 12 15 22 264 51 0 0 0 0 5 602 0 0 0 0 0 786 0 762 908 76 867 156 
0 416 0 273 270 986 196 0 0 697 0 332 0 0 0 693 0 285 0 960 208 436 0 657 0 0 123 871 0 0 0 523 
0 0 0 0 799 907 343 12 697 0 0 0 0 0 0 556 0 0 0 982 0 0 0 340 0 0 625 0 310 509 0 120 
204 800 175 0 818 450 902 15 0 0 0 455 412 0 0 93 0 0 0 0 0 574 0 0 139 0 402 797 815 26 210 0 
217 34 0 202 996 859 0 22 332 0 455 0 0 143 0 913 0 0 0 0 0 0 0 0 286 0 0 984 147 457 0 0 
0 359 0 0 414 457 0 264 0 0 412 0 0 140 0 0 749 0 0 42 0 0 0 798 0 70 0 372 958 0 524 983 
0 0 0 0 0 0 701 51 0 0 0 143 140 0 731 0 0 183 0 0 0 0 0 74 0 0 428 720 198 0 297 0 
0 0 0 0 77 0 115 0 0 0 0 0 0 731 0 833 0 278 749 0 835 0 896 0 778 0 0 0 0 0 458 67 
0 635 212 0 0 0 0 0 693 556 93 913 0 0 833 0 0 562 0 0 297 779 369 0 0 383 0 983 0 0 861 37 
0 0 441 0 0 0 0 0 0 0 0 0 749 0 0 0 0 72 243 0 999 0 630 0 0 263 0 0 0 337 0 0 
93 935 957 209 0 154 899 0 285 0 0 0 0 183 278 562 72 0 721 0 527 0 0 745 0 599 354 0 0 861 685 0 
0 0 989 0 0 0 0 5 0 0 0 0 0 0 749 0 243 721 0 682 384 478 90 0 0 335 0 0 520 0 742 0 
809 0 0 0 375 880 0 602 960 982 0 0 42 0 0 0 0 0 682 0 0 0 0 0 38 769 0 30 102 318 0 391 
194 0 0 0 0 479 816 0 208 0 0 0 0 0 835 297 999 527 384 0 0 410 824 0 121 437 517 0 0 675 0 464 
0 0 854 432 279 11 0 0 436 0 574 0 0 0 0 779 0 0 478 0 410 0 0 464 904 924 782 0 718 0 524 0 
0 668 0 687 0 168 486 0 0 0 0 0 0 0 896 369 630 0 90 0 824 0 0 0 967 792 0 687 0 955 373 0 
662 957 0 789 933 165 920 0 657 340 0 0 798 74 0 0 0 745 0 0 0 464 0 0 803 0 0 481 701 0 0 0 
0 0 0 647 255 0 797 0 0 0 139 286 0 0 778 0 0 0 0 38 121 904 967 803 0 0 707 0 71 165 0 0 
608 0 469 0 0 387 872 786 0 0 0 0 70 0 0 383 263 599 335 769 437 924 792 0 0 0 352 25 0 921 109 139 
0 0 0 251 0 0 0 0 123 625 402 0 0 428 0 0 0 354 0 0 517 782 0 0 707 352 0 0 122 720 83 39 
959 0 0 30 0 0 0 762 871 0 797 984 372 720 0 983 0 0 0 30 0 0 687 481 0 25 0 0 0 0 349 947 
0 0 0 299 819 851 364 908 0 310 815 147 958 198 0 0 0 0 520 102 0 718 0 701 71 0 122 0 0 10 0 270 
104 0 0 280 468 223 0 76 0 509 26 457 0 0 0 0 337 861 0 318 675 0 955 0 165 921 720 0 10 0 804 0 
960 447 528 679 872 0 0 867 0 0 210 0 524 297 458 861 0 685 742 0 0 524 373 0 0 109 83 349 0 804 0 0 
0 0 861 0 647 310 0 156 523 120 0 0 983 0 67 37 0 0 0 391 464 0 0 0 0 139 39 947 270 0 0 0 
