64
0 1000000 1000000 639 484 1000000 797 503 949 828 304 431 165 493 78 277 562 264 861 478 400 246 403 364 1000000 40 610 1000000 439 260 1000000 411 1000000 1000000 1000000 978 44 1000000 609 18 277 217 665 835 1000000 856 421 574 412 3 102 966 306 1000000 514 25 1000000 707 962 1000000 535 696 1000000 370 
1000000 0 164 264 703 633 405 8 728 986 438 1000000 224 547 40 981 725 494 20 1000000 1000000 993 433 1000000 491 91 836 1000000 1000000 693 598 627 1000000 290 10 1000000 145 610 1000000 658 139 432 759 817 1000000 54 1000000 200 481 1000000 345 645 284 768 549 54 5 721 148 863 1000000 752 518 54 
334 219 0 1000000 264 341 2 1000000 587 479 1000000 196 177 797 726 620 57 1000000 595 1000000 681 520 731 43 704 677 540 324 194 671 541 868 200 1000000 484 121 422 432 447 768 21 88 774 344 334 1000000 971 793 187 224 794 757 534 612 685 271 720 294 849 190 129 21 914 239 
669 1000000 1000000 0 1000000 1000000 719 439 811 1000000 149 1000000 509 1000000 643 350 169 910 443 901 696 997 578 645 507 1000000 290 489 896 776 27 1000000 619 971 1000000 754 563 980 127 91 249 25 1000000 281 1000000 191 26 1000000 1000000 1000000 1000000 1000000 418 854 1000000 705 197 1000000 362 969 1000000 731 539 1000000 
1000000 863 423 1000000 0 30 1000000 976 985 570 794 752 191 1000000 1000000 1000000 367 1000000 309 648 843 518 143 641 954 618 252 658 199 110 901 1000000 177 282 861 470 194 426 63 1000000 269 1000000 661 976 1000000 678 200 3 1000000 458 45 836 750 805 154 95 103 49 636 394 1000000 392 179 40 
810 702 1000000 346 623 0 550 807 982 104 162 545 1000000 916 1000000 436 734 1000000 222 349 1000000 1000000 276 104 285 409 52 821 334 243 1000000 38 1000000 979 1000000 462 857 388 1000000 1000000 1000000 1000000 600 960 346 1000000 807 873 861 393 199 355 1000000 602 1000000 998 440 1000000 34 893 429 967 111 143 
1000000 1000000 862 814 1000000 183 0 720 1000000 847 63 175 118 767 191 707 780 33 284 1000000 160 244 113 1000000 849 251 626 922 1000000 81 1000000 1000000 576 664 881 701 692 332 1000000 316 1000000 873 1000000 1000000 37 981 755 757 216 642 1000000 1000000 988 38 235 144 1000000 662 480 897 830 764 1000000 1000000 
1000000 908 1000000 1000000 681 508 301 0 1000000 118 1000000 145 23 280 1000000 879 883 322 732 264 50 1000000 181 1000000 406 1000000 327 1000000 653 190 1000000 117 793 545 949 314 138 1000000 606 311 476 664 1000000 1000000 311 559 332 1000000 1000000 1000000 114 289 802 910 687 194 406 571 1000000 1000000 309 501 859 129 
277 1000000 629 993 1000000 1000000 904 191 0 451 980 1000000 783 273 668 179 839 578 488 1000000 656 542 1000000 33 1000000 147 102 1000000 1000000 140 655 432 365 969 764 1000000 1000000 545 26 1000000 246 554 1000000 403 577 767 248 1000000 845 19 594 464 1000000 786 332 25 640 1000000 1000000 564 1000000 920 442 705 
1000000 1000000 667 338 729 651 364 351 170 0 1000000 514 806 1 308 387 1000000 413 970 1000000 1000000 994 907 274 214 197 361 370 167 495 262 998 997 428 993 705 1000000 1000000 699 486 20 538 1000000 966 256 505 783 305 531 1000000 1000000 899 1000000 1000000 745 523 1000000 101 111 1000000 1000000 984 277 741 
1000000 352 513 930 106 697 162 1000000 1000000 285 0 1000000 1000000 926 191 1000000 451 378 665 630 1000000 37 1000000 920 1000000 832 148 756 1000000 1000000 699 1000000 54 844 545 539 857 384 884 240 193 1000000 1000000 1000000 1000000 983 951 853 739 1000000 183 181 838 217 1000000 831 235 1000000 77 487 593 821 434 269 
1000000 475 772 747 435 418 496 1000000 1000000 689 736 0 1000000 225 469 205 860 623 917 795 861 876 1000000 852 111 777 468 821 107 710 986 587 1000000 1000000 67 1000000 1000000 93 1000000 102 959 1000000 1000000 673 1000000 1000000 258 451 1000000 1000000 823 394 376 210 76 327 576 923 126 766 413 1000000 915 1000000 
646 415 641 521 905 596 1000000 449 331 1000000 563 1000000 0 1000000 428 889 199 375 697 400 466 612 839 444 198 598 13 820 1000000 686 776 192 766 425 215 479 799 127 1000000 188 1000000 885 427 462 227 1000000 793 91 552 109 644 1000000 605 808 963 319 259 1000000 493 192 1000000 688 1000000 399 
514 533 1000000 14 680 1000000 758 988 972 87 493 579 1000000 0 833 1000000 747 291 692 678 1000000 326 1000000 983 1000000 266 15 1000000 263 822 296 792 1000000 1000000 424 673 793 300 1000000 190 249 863 866 379 98 943 949 895 485 917 168 51 631 138 666 621 794 817 892 160 92 629 1000000 16 
223 298 61 880 931 1000000 1000000 375 1000000 1000000 642 63 1000000 599 0 313 248 284 1000000 1000000 784 160 605 1000000 136 1000000 871 667 1000000 884 877 430 1000000 253 404 401 873 337 497 220 1000000 994 1000000 1000000 820 309 830 1000000 1000000 1000000 546 651 1000000 636 1000000 60 597 395 655 1000000 1000000 919 864 697 
865 1000000 36 624 426 1000000 816 204 123 487 171 934 180 430 790 0 951 104 1000000 446 1000000 223 1000000 1000000 84 1000000 1000000 44 46 1000000 810 133 645 1000000 279 949 284 466 237 95 835 1000000 76 1000000 761 143 1000000 458 252 1000000 1000000 31 240 962 1000000 1000000 811 1000000 888 321 227 1000000 1000000 99 
637 1000000 176 776 598 551 873 138 1000000 1000000 57 1000000 690 542 930 502 0 1000000 6 1000000 1000000 281 1000000 912 250 125 359 717 744 750 875 1000000 160 955 1000000 1000000 1000000 1000000 111 289 1000000 710 997 1000000 1000000 650 215 711 53 1000000 773 1000000 52 352 942 1000000 1000000 309 257 1000000 465 508 1000000 1000000 
822 1000000 410 86 941 281 797 1000000 409 1000000 976 263 6 205 1000000 1000000 191 0 612 466 854 663 1000000 806 592 1000000 463 699 66 688 183 760 1000000 251 392 944 471 1000000 1000000 1000000 589 368 596 1000000 264 601 732 1000000 15 1000000 60 1000000 48 516 1000000 272 1000000 182 198 482 1000000 632 1000000 1000000 
892 852 220 708 414 970 701 1000000 605 313 919 696 102 231 1000000 612 1000000 1000000 0 336 486 1000000 596 24 1000000 160 1000000 211 1000000 177 365 69 482 66 891 375 333 631 540 997 30 60 1000000 811 1000000 1000000 976 1000000 358 691 1000000 985 655 1000000 63 746 378 993 81 924 1000000 587 1000000 37 
190 586 1000000 1000000 1000000 181 482 1000000 1000000 1000000 1000000 970 340 1000000 85 73 746 722 1000000 0 1000000 480 1000000 1000000 21 735 495 790 269 1000000 1000000 869 1000000 1000000 506 839 1000000 478 181 136 510 1000000 1000000 540 232 4 718 1000000 469 1000000 98 1000000 1000000 142 302 490 1000000 1000000 209 79 31 703 1000000 314 
630 815 1000000 594 1000000 1000000 1000000 1000000 1000000 493 51 917 949 331 205 1000000 1000000 276 282 1000000 0 810 174 1000000 30 821 415 909 235 667 296 488 827 436 1000000 1000000 1000000 830 698 874 385 1000000 1000000 1000000 1000000 99 980 944 9 215 1000000 1000000 481 67 305 1000000 297 129 240 1000000 107 285 1000000 1000000 
496 898 387 14 9 517 1000000 484 952 80 709 7 711 1000000 470 767 694 1000000 115 469 1000000 0 965 760 1000000 1000000 171 237 1000000 1000000 1000000 418 656 179 179 1000000 1000000 2 403 952 959 754 943 267 245 791 851 1000000 868 1000000 1000000 1000000 139 289 371 192 439 237 76 1000000 234 1000000 252 702 
1000000 1000000 1000000 726 326 541 539 555 820 1000000 505 1000000 1000000 527 1000000 863 896 492 1000000 818 913 124 0 1000000 935 811 94 2 311 679 857 20 1000000 446 1000000 1000000 376 188 912 1000000 1000000 1000000 879 1000000 264 882 155 934 1000000 1000000 386 503 718 1000000 1000000 247 282 700 1000000 259 447 98 297 551 
1000000 794 633 1000000 669 774 663 841 70 761 103 521 1000000 563 687 528 1000000 573 1000000 466 310 575 93 0 1000000 773 816 236 258 943 1000000 627 1000000 211 134 615 293 975 304 35 1000000 18 1000000 1000000 414 356 829 997 1000000 1000000 112 1000000 108 169 1000000 394 774 70 1000000 1000000 227 55 305 603 
1000000 1000000 469 112 1000000 516 119 1000000 263 288 880 1000000 336 937 1000000 542 673 1000000 753 344 708 1000000 935 1000000 0 9 624 427 1000000 109 1000000 464 904 465 496 1000000 266 1000000 601 387 436 271 352 71 372 1000000 252 989 237 791 1000000 593 32 463 420 692 515 1000000 662 1000000 214 16 1000000 52 
503 492 140 899 147 23 102 462 1000000 1000000 104 569 236 1000000 936 1000000 1000000 978 1000000 775 166 1000000 1000000 609 816 0 630 1000000 492 663 1000000 1000000 1000000 1000000 107 415 211 1000000 1000000 241 606 1000000 832 544 36 32 196 1000000 621 1000000 420 274 173 802 569 848 1000000 413 1000000 647 1000000 442 180 1000000 
1000000 603 1000000 481 189 733 1000000 1000000 353 193 600 593 752 336 564 894 385 810 1000000 1000000 87 1000000 586 589 185 1000000 0 529 206 505 369 632 1000000 1000000 165 226 297 1000000 1000000 708 423 375 562 463 322 429 559 976 1000000 257 1000000 1000000 34 176 248 534 42 56 693 453 5 887 1000000 666 
478 181 578 1000000 647 746 1000000 1000000 913 304 301 178 444 468 754 266 84 422 783 991 1000000 1000000 1000000 989 839 1000000 385 0 960 228 372 453 1000000 593 935 337 1000000 296 170 865 5 721 116 341 1000000 811 298 812 244 1000000 791 778 1000000 253 1000000 4 754 476 578 702 287 868 380 595 
330 624 852 596 94 222 936 1000000 126 80 840 679 1000000 1000000 841 855 881 1000000 1000000 594 679 677 1000000 229 543 1000000 620 142 0 790 1000000 357 301 296 704 1000000 1000000 1000000 681 1000000 142 1000000 339 588 1000000 1000000 936 409 269 173 1000000 658 45 937 192 134 414 859 869 80 246 596 25 410 
322 538 70 698 1000000 588 209 1000000 969 162 1000000 1000000 27 187 226 995 1000000 576 358 120 950 1000000 1000000 1000000 1000000 1000000 894 1000000 618 0 1000000 77 1000000 756 215 574 1000000 647 1000000 29 606 253 1000000 343 878 1000000 442 975 720 862 387 85 140 816 149 1000000 49 88 51 652 1000000 1000000 411 707 
522 1000000 952 492 467 767 127 140 1000000 689 65 834 1000000 661 608 295 1000000 673 458 1000000 393 1000000 278 500 853 403 163 795 766 448 0 608 1000000 345 454 1000000 839 674 280 848 464 1000000 1000000 166 115 1000000 513 202 1000000 693 1000000 143 1000000 1000000 1000000 297 1000000 1000000 491 986 533 1000000 62 1000000 
893 1000000 458 849 952 936 681 515 371 508 1000000 482 723 1000000 508 153 733 586 166 180 958 363 844 232 1000000 1000000 941 1000000 1000000 96 1000000 0 512 90 1000000 192 56 1000000 394 567 893 950 938 669 232 1000000 167 467 1000000 1000000 12 1000000 576 674 94 1000000 723 654 857 202 733 1000000 954 614 
301 464 1000000 154 272 507 840 299 321 156 317 530 69 316 745 60 1000000 59 420 701 532 1000000 808 1000000 1000000 1000000 58 577 461 832 67 635 0 207 1000000 631 559 1000000 465 860 499 772 755 1000000 436 321 155 359 1000000 1000000 52 1000000 1000000 176 58 982 1000000 84 46 723 649 700 1000000 316 
66 1000000 965 1000000 44 260 352 127 378 372 32 1000000 556 623 764 163 1000000 1000000 390 210 711 1000000 940 402 1000000 1000000 85 926 914 122 719 922 992 0 281 1000000 691 467 62 151 1000000 1000000 946 684 895 1000000 1000000 578 1000000 74 198 980 1000000 547 1000000 892 316 265 1000000 790 643 364 1000000 534 
422 1000000 799 433 136 895 165 305 1000000 435 615 565 1000000 634 26 902 662 139 920 10 472 1000000 279 54 656 167 468 1000000 982 1000000 678 882 416 498 0 284 301 974 750 672 1000000 615 594 361 1000000 805 1000000 1000000 1000000 918 815 924 160 401 296 1000000 1000000 1000000 191 821 879 541 235 727 
693 380 407 813 1000000 87 578 187 726 399 493 585 1000000 1000000 1000000 767 1000000 90 627 1000000 1000000 1000000 1000000 665 233 1000000 174 787 363 1000000 1000000 319 787 1000000 1000000 0 543 777 1000000 704 655 542 462 87 1000000 267 529 508 776 1000000 598 518 1000000 907 1000000 176 620 1000000 562 705 613 1000000 716 468 
1000000 32 1000000 1000000 1000000 836 400 1000000 524 1000000 652 960 1000000 180 176 138 162 939 792 439 158 1000000 694 147 1000000 724 1000000 917 287 249 542 843 140 146 453 1000000 0 647 487 550 1000000 378 166 1000000 941 1000000 274 62 1000000 956 1000000 720 216 485 1000000 215 187 726 1000000 694 638 536 904 982 
409 558 95 187 1000000 1000000 923 853 1000000 948 1000000 375 810 502 872 794 331 595 719 25 937 281 426 53 1000000 1000000 1000000 660 444 624 834 542 777 899 1000000 703 387 0 1000000 939 1000000 941 922 1000000 1000000 1000000 618 9 1000000 469 525 753 1000000 1000000 426 1000000 1000000 124 942 1000000 161 565 1000000 87 
22 123 917 1000000 1000000 1000000 958 77 336 605 1000000 760 160 321 917 294 621 1000000 753 618 1000000 1000000 756 546 1000000 572 312 1000000 973 465 674 1000000 627 1000000 735 232 14 1000000 0 398 402 279 1000000 1000000 1000000 90 738 942 91 1000000 1000000 1000000 500 1000000 16 202 1000000 923 812 123 32 999 1000000 645 
1000000 533 251 587 24 291 140 1000000 443 1000000 318 201 170 211 9 356 1000000 564 81 88 1000000 1000000 241 812 1000000 1000000 1000000 1000000 603 997 433 109 1000000 631 1000000 57 247 638 1000000 0 227 1000000 1000000 66 39 842 866 1000000 679 554 174 683 1000000 387 99 24 42 532 760 992 546 151 395 584 
1000000 197 1000000 1000000 774 635 270 267 715 685 1000000 550 70 252 1000000 1000000 868 210 401 332 338 1000000 720 1000000 783 520 965 317 1000000 7 166 1000000 1000000 220 290 87 1000000 885 25 927 0 762 476 408 244 1000000 14 1000000 200 763 892 1000000 30 412 241 57 892 1000000 244 156 986 1000000 670 505 
765 262 537 531 666 423 859 624 165 1000000 357 476 495 852 63 407 1000000 348 1000000 166 760 1000000 882 413 165 1000000 491 778 260 1000000 671 721 1000000 534 130 1000000 211 319 448 327 135 0 1000000 744 969 236 406 341 149 10 985 1000000 553 869 537 467 374 185 1000000 1000000 226 1000000 626 1000000 
769 359 1000000 1000000 140 87 749 4 901 1000000 1000000 220 479 658 1000000 1000000 409 343 356 577 158 602 797 233 640 1000000 1000000 1000000 1000000 1000000 1000000 431 125 834 488 1000000 1000000 1000000 29 770 383 480 0 540 1000000 1000000 103 599 129 37 875 46 592 39 820 1000000 1000000 244 1000000 642 189 867 19 807 
519 1000000 292 1000000 611 1000000 769 65 420 912 56 766 719 912 1000000 324 1000000 771 542 628 209 1000000 1000000 480 112 1000000 112 887 400 310 950 663 857 71 1000000 855 1000000 586 203 1000000 372 134 1000000 0 639 771 427 1000000 295 608 1000000 568 368 409 188 87 341 658 748 101 1000000 272 859 2 
354 764 805 511 246 915 712 1000000 712 953 1000000 749 1000000 307 827 1000000 272 741 863 366 220 897 271 1000000 559 1000000 481 428 1000000 1000000 1000000 555 644 1000000 149 1000000 1000000 1000000 997 6 500 92 418 239 0 1000000 1000000 130 425 517 1000000 1000000 1000000 1000000 471 808 227 961 276 928 1000000 1000000 1000000 1000000 
51 573 410 343 1000000 582 807 623 990 80 1000000 1000000 1000000 990 47 765 93 1000000 124 546 108 105 999 225 198 509 517 631 204 470 1000000 13 747 178 1000000 79 1000000 1000000 54 605 269 641 168 773 756 0 1000000 5 1000000 342 278 754 904 20 547 573 1000000 616 136 909 171 350 60 1000000 
1000000 67 1000000 610 456 1000000 786 374 786 1000000 785 1000000 793 1000000 552 681 471 1000000 487 447 71 156 411 30 597 449 1000000 482 1000000 229 666 72 116 204 882 415 189 203 546 1000000 616 1000000 1000000 189 706 7 0 866 830 870 412 376 1000000 673 1000000 923 645 64 368 583 1000000 544 607 676 
123 144 493 807 1000000 58 553 655 18 316 1000000 181 1000000 52 472 287 1000000 151 431 477 1000000 906 1000000 154 149 1000000 389 1000000 788 221 268 93 401 183 1000000 647 1000000 512 68 167 1000000 314 437 494 467 746 789 0 139 1000000 684 83 1000000 306 445 260 1000000 966 680 1000000 1000000 1000000 288 882 
1000000 111 18 572 806 459 209 1000000 1000000 1000000 14 646 410 1000000 973 1000000 1000000 169 1000000 694 453 412 1000000 317 1000000 618 1000000 1000000 792 1000000 645 506 1000000 661 1000000 487 511 1000000 570 430 1000000 598 450 501 1000000 524 470 1000000 0 1000000 645 89 180 546 741 253 328 1000000 752 1000000 951 693 1000000 49 
740 608 1000000 471 996 611 979 622 120 925 733 1000000 962 452 389 22 153 1000000 342 483 1000000 546 758 155 496 1000000 539 1000000 1000000 801 1000000 298 639 256 486 726 794 679 484 602 1000000 1000000 1000000 1000000 926 42 595 254 252 0 441 819 1 597 1000000 252 1000000 803 102 556 12 1000000 503 1000000 
113 18 1000000 66 1000000 233 597 212 1000000 1000000 122 669 60 146 704 931 558 692 470 102 595 817 847 247 1000000 835 1000000 1000000 1000000 624 1000000 1000000 1000000 675 547 628 497 1000000 501 800 1000000 1000000 810 1000000 113 148 739 1000000 1000000 881 0 1000000 664 770 719 1000000 464 252 1000000 128 1000000 617 496 1000000 
1000000 1000000 858 53 117 361 679 242 148 585 1000000 480 910 598 1000000 369 492 1000000 1000000 878 1000000 901 657 1000000 1000000 1000000 137 752 960 877 76 309 1000000 1 1000000 1000000 1000000 143 145 773 1000000 924 1000000 590 273 1000000 1000000 893 881 1000000 402 0 416 1000000 1000000 1 782 614 456 434 936 355 113 1000000 
1000000 435 992 282 747 802 1000000 1000000 720 474 1000000 1000000 950 933 677 742 1000000 173 1000000 751 819 762 984 700 961 641 1000000 709 849 81 1000000 988 534 190 681 533 1000000 301 1000000 1000000 11 399 1000000 411 28 164 1000000 1000000 892 1000000 1000000 174 0 156 848 448 128 335 351 54 1000000 1000000 1000000 314 
1000000 459 548 938 873 964 690 34 1000000 1000000 996 515 89 1000000 963 29 441 326 532 370 981 1000000 756 576 1000000 908 1000000 1000000 12 31 952 310 868 1000000 410 419 153 1000000 288 1000000 540 1000000 807 1000000 256 22 1000000 371 852 1000000 1000000 1000000 424 0 333 591 1000000 249 366 907 1000000 154 764 416 
897 994 563 491 1000000 393 413 590 1000000 1000000 1000000 1000000 453 257 239 521 651 371 683 926 1000000 555 779 630 1000000 825 759 998 277 58 910 494 1000000 12 823 997 999 641 971 969 1000000 941 690 592 265 122 277 962 478 509 1000000 461 260 294 0 1000000 1000000 710 472 469 1000000 979 1000000 1000000 
1000000 226 1000000 1000000 208 635 1000000 75 585 191 615 603 932 158 923 129 1000000 1000000 1000000 1000000 146 86 3 798 294 288 1000000 92 854 566 658 150 215 905 251 330 2 264 965 1000000 1000000 1000000 346 1000000 1000000 536 1000000 1000000 1000000 438 761 339 255 848 1000000 0 25 464 665 52 778 517 1000000 1000000 
208 263 19 369 93 805 1000000 975 641 691 1000000 81 880 814 1000000 1000000 491 352 1000000 1000000 88 29 905 549 849 39 606 873 551 1000000 274 231 998 1000000 765 261 920 576 73 1000000 849 731 1000000 751 878 752 994 900 163 727 292 976 1000000 381 361 916 0 745 78 436 66 488 1000000 1000000 
1000000 1 835 329 1000000 1000000 456 393 49 1000000 297 13 508 406 953 557 469 962 250 532 862 69 1000000 1000000 389 42 1000000 1000000 400 1000000 1000000 189 678 73 659 797 555 238 754 1000000 151 517 1000000 1000000 984 1000000 442 348 280 439 699 229 717 1000000 237 1000000 165 0 1000000 159 262 1000000 574 950 
1000000 985 1000000 168 1000000 808 430 1000000 61 57 780 1000000 1000000 117 235 23 1000000 273 651 811 887 1000000 24 1000000 1000000 1000000 1000000 374 987 762 719 779 1000000 292 438 1000000 844 624 846 1000000 873 267 712 292 409 1000000 887 156 470 1000000 1000000 1000000 803 1000000 156 682 1000000 452 0 699 492 612 1000000 272 
1000000 1000000 393 859 330 1000000 561 1000000 180 317 1000000 835 297 267 637 1000000 984 226 203 434 1000000 1000000 246 139 1000000 1000000 648 801 604 1000000 1000000 443 170 636 49 134 364 65 286 269 911 433 898 638 266 1000000 1000000 1000000 210 247 757 671 185 35 1000000 928 101 1000000 505 0 47 95 726 1000000 
1000000 178 199 1000000 135 26 1000000 160 1000000 459 951 136 600 1000000 1000000 941 1000000 1000000 1000000 1000000 456 1000000 1000000 1000000 468 1000000 11 708 905 963 478 1000000 608 392 1000000 46 171 1000000 366 383 956 383 381 1000000 191 461 381 552 356 542 916 183 562 1000000 762 823 880 925 158 471 0 1000000 317 320 
1000000 303 427 51 692 690 421 1000000 556 1000000 872 441 295 211 562 28 1000000 1000000 287 963 769 513 1000000 16 794 691 1000000 1000000 402 491 972 15 315 837 717 1000000 1000000 712 81 648 287 157 977 595 1000000 313 55 373 566 841 1000000 471 488 140 1000000 73 525 1000000 1000000 656 171 0 422 7 
337 291 1000000 465 335 641 201 230 35 192 516 1000000 707 754 214 1000000 850 191 374 852 1000000 701 163 908 243 699 1000000 1000000 730 934 329 471 487 926 910 430 36 1000000 984 1000000 1000000 321 616 343 1000000 1000000 1000000 1000000 917 288 415 327 73 191 1000000 1000000 833 520 18 887 426 201 0 62 
410 344 575 590 883 179 684 913 814 810 430 732 696 579 874 747 1000000 416 1000000 1000000 386 1000000 1000000 131 855 81 583 604 1000000 485 1000000 744 998 1000000 1000000 914 652 1000000 270 152 1000000 473 411 138 753 727 97 1000000 1000000 866 988 845 414 65 222 456 874 1000000 989 451 573 438 644 0 
